22608626
28498954
24174890
28503106
23271744
31273693
25536097
26172568
29956510
29412851
30327338
31093646
25406047
32040337
21536161
20461491
28647815
11349478
16097718
25351068
23645303
26039851
14626095
27530107
20361175
21190640
20085607
11281071
33271405
22891492
17459551
23782499
19358880
23530885
21658341
23253393
18088203
22201897
24636153
12720477
15898850
26896814
19498214
21475373
3288976
30638572
21237352
25723771
11239105
24254199
11941661
22652924
10439204
2672748
10550861
19809006
23542544
15154068
20193644
9300191
31246151
15310256
17513092
17099564
22286568
21135922
27004564
15142614
17696573
25860561
20141702
25753128
12957719
12020569
16963579
29950190
16907698
19418649
19339764
26417754
17064222
23681714
30182740
12957718
12876977
11400596
23477848
1625657
15253674
15679203
7608043
26531027
23749629
23567604
18330746
18466044
18052572
9686750
32654345
22117393