33442016
33307513
32679589
32661794
33308664
32265180
33236131
33157278
33435929
32889701
32850602
32971147
32378801
33053381
33038433
32703064
33206207
33288230
33126180
33305456
33024307
32921216
32868092
33486333
32853038
33278517
33246480
33287245
33193418
33003103
33193377
32561113
32449789
33022781
32492193
32889088
33428981
33251158
33227285
33288947
33136431
32358960
33069815
32944809
33160064
32582617
33022076
33303302
33332056
33222515
33428900
33132005
33428706
33193427
33414470
33194800
33486200
33010461
33170317
33185582
33010669
33210477
32822577
33353565
33244462
33464917
33121920
32612974
33424848
33306459
32827582
32385842
33134384
32991879
32992245
32437003
33130202
32432725
32888706
33482248
33097844
33187528
33413740
33293238
32734518
33188367
33034824
32919879
33147503
32475877
32801052
33267752
34024060
32792167
33058394
34787877
33280595
33261606
34563684
33226885