22608626
28498954
28503106
24174890
23271744
29956510
26172568
31273693
25536097
29412851
30327338
31093646
30714166
25406047
32040337
30451546
21536161
20461491
28647815
11349478
16097718
25351068
23645303
14626095
27530107
20361175
21190640
20085607
26039851
11281071
22891492
17459551
23782499
23237061
19358880
23530885
21658341
23253393
18088203
22201897
24636153
12720477
15898850
26896814
19498214
21475373
3288976
30638572
16321726
21237352
25723771
11239105
24254199
22652924
10439204
2672748
10550861
19809006
23542544
15154068
20193644
9300191
31246151
15310256
17513092
17099564
22286568
21135922
27004564
15142614
17696573
25860561
20141702
25753128
12957719
12020569
16963579
29950190
16907698
19418649
31917906
19339764
26417754
17064222
23681714
30182740
12957718
11400596
23477848
1625657
15253674
15679203
7608043
26531027
23749629
23567604
18330746
18466044
18052572
9686750
32654345
22117393
20433319
23346867
20712558
23160231
29516743
21717696
31162118
28415870
21719873
28728937
24127825
25308386
24855784
15597142
28417647
14700017
15255173
16612197
12974996
26172635
20839077
34100265
22467839
22280433
15737249
21188315
29517048
21721918
12876977
27132321
19455151
23810079
15679204
25241675
23540032
20951273
18707932
29126592
16175096
31119407
24887370
25377602
22945209
15006007
10372281
17064426
17640493
18621651
11702512
24467471
17099561
17356475
17417809
16816214
34071356
19758518
16403185
15146333
19538688
19649152
11941661
24741786
24922497
26360077
23104925
15728166
15541069
21544744
17392936
12676077
23393129
30981060
20636632
24467468
16279864
24765896
14636367
22191553
24709668
16816211
22115139
8005897
19592439
19773086
15142612
15101243
19499419
12938865
18814915
20712555
22945198
21824451
11252658
16440034
11018218
8006244
28098430
21062613
27575857
11986989
25090934
16840939
20128999
16859751
27570931
11941656
22043594
20394180
11450178
23995210
16926757
21973039
27520900
8251015
28580555
19668245
16406007
18227781
20141801
17680919
7709890
22585645
17267774
16213986
29083298
25475157
12780876
18162009
16840943
7487343
20349221
11340030
16197928
12497621
29049438
22297318
15121341
21450149
11141528
3992437
15777041
18280578
17107269
17075560
15625193
20420764
11256651
11941658
9288438
27815514
15155111
19836378
11907595
11252653
22508589
20331926
21629023
17088954
11450169
22508603
24210629
26633839
21543400
14728111
19770771
16125292
16232008
15506720
24635584
15914754
19934665
23937290
20712748
18707940
18716425
15222638
17452215
8163003
21190635
15708406
17099567
15612652
24446541
18363450
23681712
20595434
18707939
12795346
19126264
23364059
17846818
22854506
3137394
19754455
23865756
11893873
10434154
9344371
18232112
18162031
8946087
21220061
22000424
17952019
7568553
8582314
8582316
21953361
21265948
9098668
12888854
21375912
1883019
15571783
17630874
17099568
21799220
4412212
8988447
15679201
30238791
22449106
16491977
9384951
24096470
12063163
11109302
20936897
11018217
1454745
9000791
19407708
9258302
16154673
22108180
26417758
30753758
23042938
22945182
17688003
21953906
7298991
28503103
15500297
18438754
21155328
7093577
14608230
12728747
18225347
9494329
22127201
9453187
23257753
16382766
21456340
6461691
18277363
14626096
8162999
22479950
15330933
6414316
2258369
22534228
17517989
21176023
11256655
11256654
10741883
19190322
12876990
10348639
10230176
1734206
8582313
7598203
2333109
7066847
11405545
4875761
12888851
15650484
1821981
8190847
6457781
25764164
6824418
7487344
19537349
8254572
25048651
8582317
2316754
6565940
7888413
15038138
2107640
19469128
1494596
18050894
17056392
15895948
19177996
9295791
21114951
18245195
21176022
3182737
15966434
11141521
4060343
18942200
8540563
7994528
15746493
21034396
8717698
1763877
22508584
35312
19469129
4907510
12718258
9637867
6763477
2348415
19583022
1873376
12195775
11221495
6554880
7384323
3700352
1821982
11256653
20307175
14746202
19469127
17489719
11018213
15952958
9172972
1592846
11760700
1834185
4945615
22462208
942562
23709049
9102332
17002253
2975037
9054809
7754317
9825169
1982721
5581169
6918304
12161664
15966429
10231995
474816
2211556
17545958
11760698
920316
9295788
24437115
6999038
3918992
1498976
8761749
8346406
4444320
4840739
1479060
14993450
3813330
531132
473396
15887701
9483268
3605929
11213466
690360
7653329
5750424
7012651
4560577
1604219
4444750
2218341
7013520
6899245
5068468
6640185
2135288
16782206
16279866
5364581
31098937
16097719
22213607
26165114
19469130
18221635
1476592
1650098
18690942
6536457
17984859
5425870
28437821
24930522
19155021
10609108
30995365
3605932
24096396
9803767
1790524
1853975
15966428
21683449
23863861
8591981
4662407
30826893
16879133
7649950
20357311
18831454
23101748
23154642
17620159
8895941
27618746
3970251
1996145
6030677
3602332
15942864
26525885
15118824
8707995
3425084
12974998
24875168
22534227
22610999
19773717
16641828
23888522
8246457
25015683
7874666
21796837
18601304
16998415
20484395
11122939
21894093
26323583
2654543
8890330
8163002
1644721
15383135
9598284
28534186
18774185
23888521
703893
7972626
6846581
3551637
11394195
34060453
7704891
8067506
15597139
9840191
23039131
10743840
20031089
27995725
2324071
1644992
471841
18347996
18590480
30447570
32054422
12230082
10050651
23835789
17374805
19200424
7899531
8375850
570256
25174697
24502861
6691425
3711367
17907246
17041167
9326854
13677795
22534552
30499409
20433321
10743850
21535420
19269516
7491510
7054156
3605931
25581236
10826664
7234468
30484114
517227
24330342
16673693
15597135
1600897
22579144
21155323
12222089
23151469
7381452
16318817
12751919
25016762
16673691
20723274
16840940
26488343
25614986
15107722
23101747
21057424
10553761
12562743
23695006
23955004
23411094
4643600
14626094
10678525
24443571
17099563
3688284
14700013
19863109
10467967
29303954
11256462
19745655
19594500
19893338
11824840
33017361
11376223
21318195
31488793
6849435
21600327
9295790
8219382
929747
25999525
17107231
26360452
2400020
22652303
28430365
25881582
21210322
84956
11121828
10438689
23681711
16288650
8792900
34015972
29169634
22202029
8241607
25728789
10550859
17430538
24366857
25316806
17190525
21218207
8205764
12475092
27741079
17479511
19179938
12720476
19347774
26359599
9491434
10800252
18727166
436084
29549439
23640534
23771544
3356676
26369921
2043896
15867990
23888523
9443702
3799848
14691352
3402925
23519221
15458562
12151276
27029041
25056132
19373712
22212870
17868758
22945223
21802741
16954013
11242431
9653705
7608042
580261
492498
15597137
23570693
12942993
18394813
8279737
21663432
25433685
25377609
28503115
11025910
11771083
10895597
31749106
5691393
26672503
6743943
8488750
12888849
7788466
15845751
15901234
11501685
28471769
17335329
10846301
6703118
27218815
12190710
12868508
24477359
17585430
23495495
17685752
7648841
19685942
28031070
1498979
17521520
25048003
14638594
24836088
33624386
28570791
19210937
15330938
26384588
5551564
14601037
23184107
1278028
9113023
6475649
8399827
33168133
15968805
15146334
12547300
17431069
20828594
18389205
21654599
20415631
23837831
29544775
26035191
12558008
17707253
25269901
495794
15762857
20872155
17087791
23980406
8163000
25661911
4044536
20837988
15597132
11882164
20059455
22239567
18677197
15274168
18561045
12876978
22510037
18399708
4825659
15898960
15853467
11579023
11681773
16840937
30933689
3476107
7214107
19419391
6869623
26297903
9333714
25595029
25236563
26961121
20516257
9987208
5755583
11977228
17600180
17101402
18849895
17653869
15556118
21188307
17107235
8360644
5717933
21502669
19264263
3156908
27009535
27830449
9653706
22652927
22082788
22449107
29175502
10593058
25046246
16963126
18707933
845563
7262725
18676604
29208408
22652925
11941662
26348597
28179047
8582315
18402496
19264262
9160592
5426623
4022827
12876994
16239159
645317
24506190
19118904
20098828
22633181
24909246
21953907
17031775
21168917
27169669
11941657
8890700
33421542
8044734
24854771
3674628
19223079
23097911
27570930
18707934
30144670
14562554
30146246
30946542
19716179
3567962
12053634
11875241
15625225
7119764
17029492
17972251
12888850
2317096
15777040
7772653
10401459
21272510
29361850
30746808
22901015
25659836
7020819
6691782
18689283
9716278
2221182
2017564
15610832
12613189
16848664
19909833
20087150
1197480
26388529
22243040
26667520
24917477
2016250
16050920
11018230
11838634
16140445
25738578
2036540
26297513
1541713
15541068
19255053
17508317
15650489
7993960
7373562
20586689
18538910
27631140
20716479
9674931
23864160
15762851
26876315
14738068
9858078
15896214
24666714
19451753
26735322
12547289
25601625
911221
22290694
12466760
8780426
20492556
18751610
1541607
26898728
28234724
20655113
31159553
7994529
21850462
18789780
9500682
7881787
14523513
20358357
17466374
15596339
18707935
12876976
11121829
6554885
32615028
22212871
25726951
25034133
12720474
20636636
9161762
6421804
11806868
15554789
10881986
10900933
11383960
29436701
8066834
10628891
25564191
17433450
8446736
16530847
23124174
1776187
9401322
2084769
8010149
10550854
31613981
14636371
28793173
7247642
6399572
12394535
20645894
22834459
18041877
302464
17452221
9241946
921520
12956814
20675966
21507138
10609419
14986671
23214163
21195482
4945613
17077437
12656938
19648198
16176434
11907591
16890994
11910958
4662490
7354017
24922493
29928823
3688292
2920547
22392448
7910954
26172637
20723275
7665801
788671
3618278
3406350
30216712
8351316
19624395
12167505
32025903
18378831
23919261
17162655
32305373
24679993
15225150
15717980
19403101
11925317
12890308
7843052
18687014
33412423
19110976
8313611
2572951
20586688
7608048
12094083
8007419
29045770
23223893
11172868
15869024
22076853
8298841
11153811
21304116
1342669
12611821
18076535
9432516
2742024
1828997
17489721
11433879
25900469
11315516
2084782
22497876
10672770
1342572
25764166
15802086
8163001
21267744
15853475
26316422
11156828
32174473
3353542
26646046
8439173
17974295
20307944
16542180
18326369
34080455
21667886
24270474
23995160
33370731
20603740
22490265
22945195
10665623
4670952
2507592
6901097
25533908
24308278
7840364
10074872
28832904
25640667
10749283
2084777
23848394
15056543
18567980
9384947
18610907
19909675
16038595
15282355
29527766
25554993
30144720
28829159
17144643
15117403
8885574
20573324
10030478
12780872
31266397
11532528
27254890
17640501
15575069
18076545
3646838
7137404
20712553
16552983
20205552
21535422
12882210
24880508
20414161
31967192
4075034
22156934
22085472
6849454
22365650
2043901
4925660
14601039
11086590
10081428
1362270
6739605
19999061
12200211
20627389
3182744
17441565
19329543
15136794
26621076
7171103
21810644
751465
14601031
17171603
7640991
3360097
25594775
6055140
9702744
6691441
12519100
7653336
23433056
8488741
1588241
24034354
23395230
5468459
8435694
18520735
2900993
30826493
11843777
24024220
7790670
15471909
595914
9042683
7982874
17447826
23588164
20516164
12479669
32966172
17364269
19034759
9387089
3826447
10085747
6448888
21674917
24245529
9989549
20307176
24935683
22401272
7625459
6850179
11371003
18295149
12547296
7199361
14658941
7044031
9122285
16449464
14977458
11973121
24848559
14626779
19578691
26424419
23454551
8619346
2193316
10550853
19906354
8253697
6554882
32505122
15597131
20297889
1579605
19702927
21041621
12478877
7396658
18707936
9879784
24506989
28393474
11465308
1342670
9785721
34201098
8811161
33876513
21476247
12788242
9171907
34440998
19589046
17094929
32485485
15780699
22677750
21426295
14519084
17199055
9741960
15645064
23652689
17921752
3963267
23581786
3268883
21625986
18582182
12233251
1342672
15895951
16038596
16165258
23441382
8890699
28703992
9549951
28068464
24389266
11244379
23379960
21114945
28503110
8422225
12467490
1600904
12780877
8197273
10205737
8936905
11254024
15255831
1221795
20486488
25134871
2877976
7223986
25035161
21720979
15950197
2608151
33626525
26368941
23452643
2176043
15693747
31070452
24461271
32222302
7881791
23095585
4019814
24074466
6957901
9585722
16597178
16491978
24359848
28264741
18788676
4738178
12877007
752280
5015448
18695352
18842173
984258
1777532
26080185
20463777
27566286
12607219
7840357
27634550
31840595
16425769
6145037
4182660
3096412
23734877
20473085
12876549
6578542
16630705
16673692
9344378
15101505
10826657
21158178
14550938
19541368
15371067
15792852
17360042
17244183
22108187
4588325
24042249
1972587
11008850
23998912
21404154
5344993
25750600
24372893
3751658
17064432
6909970
3702024
500573
8498886
15870616
11122994
22212875
25238903
24002206
19081579
17224093
8677721
25942436
1117293
12832943
4448593
20627320
17195735
3921663
2000607
1016469
24341075
6837802
7501761
18345425
11531738
7078688
457621
19232018
16140444
8731068
2485470
21357873
8679794
26723135
23279987
26400146
24279399
24637812
12845288
23775059
17163811
15968241
20306779
26475628
8115855
1765576
11356233
12174510
3728736
11254017
33389525
18076532
30717645
31830342
26340505
8277137
9660696
4016663
25265148
2221174
15136795
9712215
28829520
21320259
22024007
2863259
19476453
15994703
28342679
25964504
18676024
8328560
22903311
23810478
15330936
18707765
20186968
14636368
11823275
18266493
10730209
27744500
22357338
25225005
1757716
15554795
1562076
8379579
1292097
4717025
3391982
11018212
9298454
30036171
426132
12479689
15745122
10973937
20882710
20579791
3164866
20507671
8023199
16750271
16728912
30579185
1343760
18058287
19133974
10609420
10686972
22842021
30274645
2436290
27064163
21733484
25425421
15554775
22446859
905462
25772638
18465046
28760020
23758923
8199790
34519288
9291717
10212559
24053041
24707769
8434681
8178681
21357877
15168839
18982176
9771814
18855837
4425780
15708407
7665803
5482999
10956561
23418687
16816219
26591079
12380114
6572985
14977457
25219620
19331785
23932528
17042878
2397357
481386
26249302
8238665
10637687
25195710
6034465
14525554
22945202
25576148
10337214
11018219
17064427
11753745
12964296
7615488
11530734
11889351
26417759
21093059
17537283
21489637
9245152
1055899
1342766
12505807
24000537
30981096
23982298
3790881
19786073
8134878
19889426
23529869
26072266
22801288
2187656
26417761
22027942
23857830
8494066
33012081
26827409
3779307
19241616
18070834
22817138
6614227
12807370
16403188
20175609
20625990
7623505
6626861
9359972
11925348
16399734
11097167
24962449
31091027
29764726
12042177
18777228
27262007
23399752
14705534
27526319
30935484
7591696
24206266
20868643
12547979
2874129
18838628
10550860
8416017
18935920
16730920
22443248
3730716
12509683
22251049
26792232
44860
17403961
22409161
22768429
11292516
31311335
30477660
6418857
17688005
29674226
15984894
18683292
25451446
14601036
8818369
3631339
6068538
8494086
2873546
9288439
15213186
21966867
17881137
6906708
26083810
15555701
9219041
8379565
4055717
22103804
31113507
19424524
9510223
18407469
20160210
12589899
15938706
16524490
6820618
2340714
7646680
6614242
12773273
20386876
24200543
18402500
16841638
9334538
1502514
26367266
23691815
11532527
26844965
11814388
31243748
16061762
11153813
22070611
24628576
25156468
12515840
10598513
2960412
9840196
15541061
8682764
24152091
23131090
17484838
31264045
19267706
19954751
17924823
19931918
20166793
12873332
12562608
6779508
7116827
26061032
20560856
20420770
21205811
27727242
24064398
2167589
27508348
665847
28440210
22352005
26812920
22726407
1319660
10781706
23898851
1757719
19689277
20360333
4416444
17628675
11982261
7883741
2084775
26417756
16449487
6846582
23573633
1547301
16567730
32609982
15529230
2727202
10401923
16155508
24616627
15673617
21434744
32421593
7137414
8115854
31161278
1478133
14606229
8088244
6898787
22977268
9142358
17960958
19909838
7373563
18199480
1750913
591769
15371068
18221633
7067433
6911721
17354070
8882913
27185483
20586683
28687972
11773658
24797824
30599797
26416915
25194467
24059138
7608046
9534021
25261263
21912822
8879911
11757394
16487492
11156815
19317955
9167516
1564030
12890311
16963583
23886783
20071149
16362841
22429444
28002572
28077190
26363263
26130197
19356155
24947918
19527764
10357022
32876129
17671294
28503109
3826429
3661250
7116828
18687020
9435756
8543524
29510813
23581787
7435733
23473349
23922040
28850455
20201858
10357021
22211441
28234722
1223671
29101875
5710686
29128113
31256579
17969869
28818612
17115430
9006395
17994189
23600771
16865528
19150704
10741882
22187728
22548897
14601033
2948988
26360884
19243457
23138622
21135334
17640496
7453904
11549410
28060532
2731427
23799945
31269819
21095396
19414900
26859499
6428174
27816074
26187800
16646747
11488368
18360193
10510697
12709448
9359971
21088584
28600868
33834734
23681715
6846594
8115853
27179557
25704299
28299858
23101749
16050610
21629013
19265641
15187606
2295594
14561439
23720832
19498428
22408115
33164215
23567592
24113853
23842014
8829075
31062409
29369487
29173599
6902694
24445165
26554324
16411981
24804976
9288425
23663934
18990364
23465195
16446863
18007572
24882181
25550235
33271644
8511663
15830833
4781524
16806102
16466293
8932896
29734096
22508601
20619615
10789285
1498978
1279790
2975298
24852228
27569010
11986165
24308864
7623019
3502813
20141807
22945188
19594513
17017819
23549937
8925509
10722181
17029494
28796389
6456292
11172872
4101468
6402936
20672424
19309324
15725967
15222775
20004288
1883031
23766743
29145856
4848402
4003601
20653913
22804920
3182743
26528666
29446039
8135682
15679212
15330934
7751260
16318439
31940011
6758005
12807364
16202184
8092351
18007564
14561948
27063557
26021969
6758006
1912112
7149076
7460559
18568453
25702367
19573490
9684564
6902692
28789589
17064438
18055949
12190715
19909834
21961771
14609495
29530104
9606896
16176731
32267096
18277366
16379511
22914639
17088955
30019742
20423583
7149905
24855783
10403148
26790339
4435280
31111977
6579102
33580439
28418485
12680906
21057399
434252
9433565
29465902
21971789
8771221
19356739
16819565
17805214
22721999
24034447
23736884
8835162
20098826
21324287
24958731
17383012
2293776
17619540
26310796
15521823
20021317
758801
8959466
23870492
18569041
20712755
19852904
15693749
25246322
8238664
17099577
21851451
15708426
34207966
8173817
17546531
24343193
10743851
10705594
1884599
32093795
29542331
23995174
15541067
3063509
12068674
15762863
3268882
6336383
22489390
16542189
22191380
8830072
6849438
3123813
9549251
10401517
8038955
17123632
28792172
25550234
19923191
15538993
18789854
10626780
1480725
25248008
16623657
18365366
30784163
8927676
20712747
26688288
16800717
31732367
7069568
24185234
11772686
20869775
23588163
7377413
18312028
24517177
23410848
15777356
2877364
10088052
18674402
20732746
10485640
3419363
7984695
3716704
22401485
19153918
29343875
3847037
21601286
15708408
11561941
8138378
484143
25096790
17999274
25261630
22070456
33387742
33918462
10836280
3082207
19091942
7129370
28341435
9172975
19259988
8717697
16511734
31957692
25377608
22589229
6536963
26643014
18323755
28503111
19751541
9166651
17988356
28987035
15708411
19794362
1420643
24072567
19594502
6714948
16876306
23407207
17372540
16688738
26257089
29596721
25893554
10636711
19635242
15650505
18683993
20625369
29869403
28784386
19538691
25108774
10743839
11869778
19026249
10760384
548272
5112605
16279865
11823277
30175881
454101
23639892
18580551
12944087
30439811
1883022
17853373
421041
31409193
16094553
23149279
8677218
8254145
22128808
7751554
28097635
27903039
19926262
22551790
15762831
30865786
24610817
18816150
9619158
19725422
29191030
29267510
12720480
32578689
22406337
21742381
22406334
19359453
24856559
15992392
2084780
17230047
746363
15708412
6480567
7761938
10708275
16696128
4813135
24868318
12202453
4368717
28272132
7817188
16965184
21676135
22004113
18325598
32134853
7322550
27358214
3965036
27595228
16034279
17324021
19133970
31917909
27570927
21320256
32143176
6858715
9785706
15571789
20405399
10199100
20123822
21474592
2335499
17543031
26946486
5087316
698492
21779097
3378412
33990024
10482346
28714575
3836830
21621268
18227782
20021321
18387779
29195773
16696832
9248676
19748680
20041422
17333635
23898853
24739233
7792337
26325453
25022775
27035073
28593691
19038460
27304255
12974994
20597183
19754457
23395234
25451419
24102953
19026923
8038936
24597782
1600907
9247424
15928361
2860201
26778416
23370622
17464729
3398350
22306485
1587511
27746310
28922005
31453713
8988980
1230302
30644352
32381369
21304118
15536492
10550858
28457989
11481182
17081077
30422372
7220776
15895946
12462295
12222085
17284237
27462036
24902989
26047958
16696836
16026488
11242904
3343198
15597134
33081393
17029493
16840945
20564877
25316803
19265648
11221500
12509206
27670831
3425080
15935253
29478517
9495603
2324080
18763224
991626
15541062
18819715
31629303
3124634
665805
16351389
5722601
5143412
12601229
12596029
10626917
27479100
14974130
8630482
2869253
11833632
19490199
22147807
9888121
9845183
7652143
27214973
17292705
18701169
15654938
31188456
28587689
27112120
16735031
18234352
18389426
18794515
10363670
1880309
27779625
8436370
28196597
19754459
955520
20148863
15759347
16946194
12197854
12397862
1647090
20514565
506784
30121189
3195675
8355230
2857534
482877
7460563
27141653
29746334
12479674
17163803
8058866
22560773
15948765
12890310
33706410
8557886
10440464
25377607
21397335
20868459
19538684
2875249
7097911
25581235
1591678
7864261
7978780
26529373
20693464
15003089
22709480
19744075
1625651
12479672
26467098
11410445
21601834
21443575
26002967
9803748
5731876
29675657
10626782
28264727
26417760
1415815
18678050
12635565
7568661
17064425
11869749
1831665
23968367
12788241
435012
8851643
7904253
9442736
19896205
7171912
12174509
496558
25152315
15966430
23830000
9293206
14601034
17368155
8007404
15630121
12788239
31021488
22459786
22036092
7082698
30987559
28864753
12222078
19906078
10638860
24687045
24364852
14763013
5569406
7560137
14986446
343505
24378866
20868629
22664552
9322132
7067425
10484955
11869773
12888857
21557379
26876325
21145566
1833507
3145174
3826444
31751444
5780724
27995622
10360170
12507746
3559536
678046
4342641
24256102
17644769
17988372
19462868
29099551
15667236
25742201
17012663
4017561
17688004
28668712
7753248
8191749
22108396
19270626
30657129
13129995
12042799
20435449
29628501
23642977
7264180
30267016
11113988
9054807
17537285
32957382
11469673
21040286
29489074
12391800
9359118
21850758
18235426
962490
8721894
23331090
6560274
23852105
12047499
18070847
19320531
20636641
7883742
21961775
9081558
9056129
20827274
20480599
6819839
24458671
30015785
8768343
18316425
22805501
21443571
11987629
16403174
19904712
12086227
23142769
28271818
31393750
16696835
19896972
12938866
16862244
15104881
24909395
17391360
910973
19552962
11099744
21532374
25656934
1728166
21112093
16038600
1041253
26729845
19200693
22500305
3728723
10671427
28012467
19025230
1974746
6900728
898266
8306639
16413611
22840633
29947606
11249806
33486278
1537767
21292450
23669874
5705478
24306039
7792568
5038173
19419390
10459748
23993441
3526546
3337278
17688459
16640235
8232828
26691629
8644974
16542194
26969299
27995674
8827417
18277365
19428491
20617637
21903278
16816299
19203484
28888714
11292515
17601484
18402494
26395448
15526254
31283725
3379029
17253526
21304129
20520298
4094680
2116228
9013409
19666076
15832072
8085703
22225677
12875220
17156153
22284017
24824630
5700607
11430848
18082182
26812916
16879136
9387088
29737181
10459410
27086251
12507750
26727411
12648890
11121824
29199890
10732664
17680925
8707455
22970986
27310243
8398947
25450512
8478503
28429098
9133756
2005067
22508585
21939168
16880480
15142385
3987460
18474202
14672791
18076906
29084191
17267809
15968803
8831460
17484846
11983188
424094
8147460
30032467
17562698
29907968
17630815
1544020
21142433
15725966
2307666
15893115
3068940
34407624
8770527
29372661
27816324
1429957
18849891
16840941
23182591
11552955
22739511
6229565
594251
24076157
11812578
16950516
18391136
10552175
25029688
22486848
17716034
15515295
1479137
18198241
19190513
986289
21459455
18496474
12524579
25537487
10854638
23382566
9588307
12211891
19650533
10550857
19057399
12706953
20118453
2084783
22987729
21548861
20795792
2814512
29329044
12507751
16318825
8494084
21857009
7059786
4117734
28257173
27759213
23402737
7428545
9205428
11941655
8682751
21485450
6691424
21158598
8084958
8105181
7187874
2289093
7897054
16411986
3584013
18707938
23766341
6486270
17912251
12547294
17417814
22510555
8306239
5079783
18271904
23202630
1490098
18199230
7225495
16202180
8682977
25765438
6265629
4456440
20064125
11337814
29239075
14762232
26001717
23691030
32379607
22588681
15744223
18778445
10743852
6554886
6627193
14978467
22983943
9481807
25200189
9333681
11052408
23517886
15902809
19117610
18849898
10232295
7886988
10507523
2347830
15929925
6731642
21550050
27097559
12923703
8988799
18052553
28387210
9771821
15826738
16361989
16179813
15291676
27848174
16013989
16379512
3053672
22104557
18533760
16569927
16339611
22467848
15876571
22631620
20361895
5686575
21314751
16262104
15505521
23890763
21658777
3630755
31521844
31751878
27616052
27442964
19026272
11488375
11143627
26324304
25600576
26480234
15635595
7836345
18554164
18412842
14978468
551235
20141802
23822918
19589644
27144989
9435757
10826663
32109804
10560900
11722154
11740163
29383413
4672064
18752718
27007451
22475092
24961757
21991770
25543347
30747559
7900454
25882812
7056039
21745128
25533909
11760465
16218763
12650959
21278544
9439749
12007074
21995725
9606526
7191529
28864122
8894065
6691489
32910844
29508379
2300837
22729515
487797
20552676
3676988
29076931
4073300
24206928
10544645
12193244
29691466
15538996
17970840
15920383
25523965
17230048
18090709
7710190
4150691
22713098
9172979
6406450
10881985
20583140
30496051
21155324
3324153
26459075
23261011
23871126
25218398
19507161
18324662
32147937
12949209
20414160
29995161
12888853
2485471
11172870
16696824
20141799
21443566
24475656
8707999
3948110
31530330
18192025
14636361
21047158
29367058
15136205
28588455
3381947
15524099
12706948
2288998
15959447
3511741
7058254
22840466
22959682
16997381
4129240
17107742
15938709
24655772
15242325
1550465
6682307
22945189
11288369
24495405
18677200
21396717
18450667
15654929
2496914
27570929
17650979
23528024
22579163
3771505
12416605
20233615
30060262
19454918
6108577
2688777
27810614
3635272
15962140
21683450
25392340
2750997
11926074
9247423
28725956
23818536
15708418
15529087
6693865
23351255
5546035
19295511
26185269
17242624
23570469
20712557
3597335
19415453
17335643
3361414
15614839
11869767
16551672
30593396
20444581
18357573
862509
4435604
24562492
2084770
12895204
2386269
636784
26742510
8147448
23123132
847042
5909456
16391385
26265551
25638852
8582307
11919368
11919367
23279992
27240050
15708423
19500092
31426917
18474203
30445874
12212524
28169089
15261712
20678610
27218817
16194769
21265949
1226124
8401980
30103785
8564512
8213204
8214199
11941659
25236553
24656684
27847931
7608049
12383028
15538998
2622313
10397403
12795811
23084796
8010357
20712554
17107262
23885527
17119499
443087
8681262
24905547
26498139
4258749
3432543
3812788
7598358
11762208
24076407
12880510
1447430
9657417
16171017
18277370
3799847
15762858
12167529
24298757
17230046
22159936
25830457
7501739
18689285
15762864
20152296
23672587
27889597
18687385
17640494
17449159
9074308
15205762
22949289
22070393
3093907
26417755
16511735
25011691
20194491
8035899
7090901
21292927
24051690
14964624
12944349
15023511
8040506
17525972
11153808
10826658
2146302
7822578
18837872
10477933
8501452
20856823
2022118
15383139
16669715
20051706
21565468
10622173
3602330
454102
19699536
18419323
3344801
26258489
14609503
11441787
11097985
8993082
27741464
22449111
15863738
91895
10900532
1443252
2001443
22995965
16170918
16256376
9288426
21176033
1647089
20040069
19853922
27855560
34068605
6735990
20587365
15207935
14999666
17562693
21553935
18389521
17952020
9228895
8617699
16436299
21730804
15554794
12712666
2095944
23337654
11254022
22211280
25176260
15236660
19440101
9356562
11872515
1629392
4449908
7250912
15005751
24091305
16512281
15323586
1888799
16837055
12656940
655292
5119301
27322769
19624385
12880938
8292317
27128358
23712723
15685125
14511093
11914172
8289697
18826465
30814043
32991768
7252430
22566563
22621171
29726068
7091440
12551735
15453104
12063148
7619980
4153439
28922592
25962985
25142295
22212868
18043527
22404205
2405329
7119312
25010702
16450486
19634032
28346060
8619341
20190604
33125821
12363122
17479512
23995161
31407477
25968603
23279996
16879132
15708413
15225144
27128723
25598287
1180665
1658103
21155325
8875673
1773409
24974829
12143915
17914677
22945201
3597338
17042890
24402464
3124189
12372227
27182964
18262204
21272520
19188286
11789475
25066100
16696837
509923
6091464
10802130
28696841
25700556
24853295
6847988
25440307
20561769
10784489
7977902
15242329
5284488
17042833
18786606
29782956
3189612
5574447
7676865
7221667
19496037
30096212
25377603
8084977
31522206
18277367
21838734
17915082
8401970
9435770
12814856
26990267
24284641
27679680
9020993
8254143
6596582
21040290
10418811
32379553
23470603
27572660
17064437
15232342
31014945
6241210
447611
19836695
20878507
32437356
25823166
10512606
12777278
4628472
19793639
17064431
18199232
15179670
3863467
23890698
22134456
18076534
23510130
23391164
19922558
20824967
22325698
6539329
32470722
3726007
8564312
14627885
17029491
22559293
7883739
18191551
18335361
4076496
21508436
22070541
26241867
1271457
29441665
25863008
8541936
29446217
20118450
20919490
15762852
12507736
16635925
18515899
23522391
6321918
17027087
7150881
2944932
655307
23171498
19672137
20636633
15701098
26348588
26329573
2096264
17512606
12145491
25300245
24745469
1544014
21443569
31446385
19448190
3544880
23132284
14996146
17224186
15971642
12839428
3151382
1554052
23948633
18289153
20361907
5200798
2763860
18052573
22230650
19415600
12607202
3658054
32560956
2494152
3460356
9066207
10507519
32219458
8271641
17547579
19589045
8748439
26691725
21916824
22726409
27920061
26830885
3722132
10465107
1770164
11001612
12190716
31146140
31521862
8247702
12014593
33285390
16449474
16958032
18037496
27286368
27641241
10727195
16783496
22833879
8599421
4848244
9717864
24480930
6615157
12085684
9136258
1454912
19807719
16113615
22553107
9081551
22212872
19956019
28476640
8773829
5554017
20146832
21796738
8498885
7348279
8044751
9702745
26116493
24643826
18942039
22447090
22044486
32245436
2399830
20656360
10077293
19947781
23887444
15491230
20129674
5670083
11853360
7976459
24751965
16934874
12450638
12392350
3680608
20878275
4511362
27839913
12656933
19422756
26781551
10693232
8626366
7267886
1933758
2084778
18759550
19490735
6644148
25696783
23617548
21653886
33535087
17691129
19248917
11531652
7755143
6659137
5062033
25016490
1776496
5143410
18199231
7065298
8938202
30879780
6143203
9550745
27524499
22877965
30153871
26485974
23212056
31282492
16225562
25039396
24733084
235849
3031207
20138016
20174858
26132699
26479256
11097168
2286718
10854640
16426113
25344393
11177783
10824296
747727
5364582
3567961
5010898
22733381
18400467
23544953
28472701
25577160
32627161
10885179
20022384
1770163
25310199
7396659
23901682
4073315
16728842
6752513
12222077
20843258
18056109
20457470
9500687
6464827
16582068
1498954
12826458
23107221
18340269
17640499
5077098
31830938
25550232
20606246
31606138
27870505
18691997
1410078
21208580
31411658
25060968
18689284
8749982
23421957
1939933
21084787
33322430
18569038
6494343
22889526
17224187
8582302
22944191
26132698
23021378
1786237
20466435
17099573
17064424
7082711
8432961
3123467
20504058
22652929
7577770
8847672
7108494
26257147
10386176
14632587
29520717
23754681
7726943
6889171
28027511
17151180
16403180
17307253
21057422
17201862
25536098
12082561
6441929
3667736
3676607
8851257
18191148
17042826
18090702
28517032
29787961
10471117
2132555
20361913
28605240
9142364
20478632
1609864
12931701
27997876
21658693
16893527
25618475
17158482
12372656
26990158
10676836
22329468
1359799
18691766
9812127
11343533
22126635
20571612
28837940
15597141
25284280
9340660
15853533
1600901
17310917
11847491
2905508
29268003
1230136
10823297
20036353
21237353
18076543
25041984
27442023
6222091
2521645
2133622
4025639
15276665
19267698
18684436
9513752
15306144
15225145
28503113
28129636
18681760
5717288
23810143
3988721
24581830
12565131
8422217
23279991
21249407
22319897
12517284
30274650
20708439
1792922
7694934
842743
22070572
25236554
29415803
6106396
18277364
25650671
24963750
11772680
1742717
7643738
25194314
22980404
17694481
11903206
16411985
20047708
15571788
23980584
9778607
23489403
8288168
9029659
21448093
26647872
1728168
22614292
1242227
22532326
23381493
27039012
25135783
12450641
19432388
2690712
10550855
6149782
20410732
23549940
11187420
9766777
23565916
8827187
1352049
3103474
26314632
12739915
9603568
25560193
26472650
22484201
18833457
17162626
3976409
28866717
21435726
17680928
11252644
16426095
3074848
5394482
4589148
25570609
10609423
12680900
24660885
23527993
17064430
19122534
12479676
9055838
3705990
24856551
17582509
8373927
26876320
23098329
22040208
22831755
14999656
26769120
15383127
22100133
16129530
32553395
28497736
24977970
16038597
11379841
28953793
16199850
19996503
17391359
26890288
27310106
18483012
28636572
5750830
1827644
1223650
421451
9524982
30928726
24626773
24080255
15684235
3697218
23528067
16027739
11761043
18366365
2378550
9021843
23378998
26763110
6691482
16125784
1559082
1815442
19902584
5711818
26189642
7065307
26300230
27593623
12204325
15554790
20155604
24210625
20398694
4746148
18271902
1869502
25263277
26778814
25258392
4672218
19497247
19285348
33065815
3811434
11015633
19254449
22313797
12366881
19105856
7460566
1933754
17059847
28258639
8946806
17019350
12798256
20185697
1827642
17079023
26298538
8720365
2870696
29407727
6527762
15898969
30333004
20448519
27810725
30508671
9515191
28975282
3771504
21470688
7177367
21611126
19264269
9921001
19264268
16275206
22622294
21050421
24656516
30584813
15654928
29983177
27617780
29031571
16542192
26480937
27837572
16426112
22806216
19429131
19264271
2403790
21123313
30551320
23755739
31453901
21714360
22772681
9555604
8426899
17341174
7593720
3963247
27623124
15966437
5087318
18664256
20231037
4048314
31526406
1845226
7751259
23601141
10524835
23904016
20538343
30075389
23768529
17201028
19276630
19150691
16411976
11356245
22508588
1757672
25065409
17728408
694455
1177948
21870305
22775582
22239579
11907592
30932919
2563933
720040
25012411
17391343
25496759
21843279
9585642
11153810
28906586
23621686
1776497
16457111
1503154
31752508
18489203
28437059
11153806
15079146
33055293
2278987
1491352
16075661
33038698
29331693
20842462
32146538
7829049
6850109
31541587
32496295
19689918
18324663
29857293
27233969
7480456
23219057
15935249
31955273
25431782
11286822
30047784
18922234
7480436
16572954
9567516
325624
2125129
22375965
8178665
8927646
27663044
15488963
16342281
21334534
7989643
21155322
28942955
24581833
15842025
1541721
12025441
20458676
18977274
4017940
4116781
5053716
15867828
31755171
7085577
19581566
11903207
18386405
17500309
25237731
8092333
259047
2021303
6854289
21665287
33267638
8296889
22132470
4073330
26341581
2489936
17445513
8401957
3884739
19222987
24855890
28612649
2282885
10609101
10710967
10401516
6867235
12888852
17476362
3535545
25937504
8464576
19339914
1479134
11559864
10335547
29579760
8818383
8349491
19673090
32054361
1770968
17064435
22000157
12944339
12792837
7365494
21918448
2690170
21692606
10404708
15995798
17391349
4711760
4515947
8271632
444016
12890305
5286329
15208783
31529809
12842302
21270973
33620723
6814397
30920970
19766321
3971001
4849730
3602337
1545043
24844980
29488889
2049022
9778606
15968806
18849897
19555719
27025465
16280332
15117405
8312984
20374145
11093070
11005060
28110877
31610086
17142013
29801445
28044944
1673076
22464937
33037692
22711881
2912286
32598093
6883496
1540777
1498960
27855308
14643095
10357029
3348456
288468
14654872
16260043
8295640
18357846
23088582
22079454
12776396
27111134
3661786
887159
4274803
11433877
27294331
24074482
21676126
12676429
17328314
31829002
25550236
22056292
16719182
29348073
15671138
8084674
30346348
23706065
2857733
33450097
2167588
1491353
23603441
30529318
21843275
122215
9256584
18340255
11315512
17451005
22945178
1541712
16135623
3697436
25468627
16478633
3118974
27406926
20473078
28949313
28895274
8120153
1013245
4602579
29436699
25252225
24261207
24437137
10357027
20082348
16893877
16279315
32068325
26228404
26084666
10665622
11985840
22133979
12381496
31637991
6888616
444017
24943387
8252292
19120045
17275096
24282923
16899962
9742510
15049770
7803602
31846903
27343410
25934154
9114953
25187444
30145308
11099745
10668594
8375793
22070469
24590844
30146088
7457661
9515190
704718
11246098
15556116
486621
31078791
22692991
30403274
9676161
10475728
9567704
7993489
5167412
21185082
9857972
9139286
7420069
15946781
16837060
15666961
17042882
22088366
11437754
3605415
7417929
11725216
12167515
11824841
8227764
8007380
11511403
20148865
9337944
22884011
31211354
21798515
8573048
1602429
19041142
11116797
2925596
3935307
25462111
454103
15181482
22078242
17335331
9614596
26977102
8352346
28941032
6507667
17029489
5418650
16220655
14575732
34297488
7272626
4562666
21996268
26238269
7388237
25156658
21189229
15555715
22608052
22264359
11097987
6577480
32731080
32419481
19466543
6321919
6757902
14525556
17464655
15345761
29902369
27284081
7217027
7625460
25801523
15708414
29091776
1728159
9286198
23121907
21904095
22959237
20807073
28241891
16135630
19419387
11874216
3150843
20589507
548270
5612973
23098037
20459369
16112848
2905521
8488218
27814503
2053632
17640495
19767349
1299304
18622776
19922555
26545613
3136227
24215495
21894127
7883738
17347355
21037144
12850664
11001611
2137468
2968387
17099566
12589898
22108184
25012445
20190605
9926081
15572567
23040899
12392348
17845279
17111063
28648566
18985295
17479526
22508587
12974993
25451416
20089312
17318007
9285084
2760005
23237861
3288437
29983179
18199238
2343914
18507485
8298844
15242327
18996602
8929050
11294154
6425825
16020172
7794204
6523965
15207927
20399339
24359852
11129306
11869766
9653704
23561484
16741196
24027239
20414159
10824667
28829979
25687772
16566850
19706875
22945219
33683806
16126647
12409868
7377408
26342885
23550737
17924244
21940194
21383237
23366336
8871434
12524631
31705498
5106848
4607774
7116061
548506
12892540
12570067
16524631
28944553
16301893
9108815
7457170
21255755
8778084
26993616
7357218
27831463
20182915
14961931
8099591
3250668
870095
3157721
3837744
16933681
22401483
11426513
20565441
24241504
22212874
9392895
23076608
1448542
2505295
32401876
18849899
20572449
15966438
1884346
18083013
15023510
8007383
30480855
26729844
21914480
7952980
6806837
22226375
19594508
17391354
18950370
3192819
11907594
15529090
3314536
21480052
19270763
2327490
28278268
14996147
23827534
9117470
997583
10512611
3605930
4638717
5084285
11105737
10363672
18187963
162182
9588308
376222
28183076
17433541
16728911
3724995
24439831
7568557
15898966
6858716
2011618
11426507
19015629
21205433
3998160
25064388
22563572
10595688
26740604
1909111
3535543
16427135
21106249
27212090
23145371
15910215
17202550
8837920
29930228
31764799
15005756
24527885
7164481
20405397
30173059
17845280
8296891
19461259
1057297
7995027
19931182
19594482
18657244
17588231
33672619
25359589
7972552
26874463
3800581
22508602
25563568
1457621
11349236
12706949
19170400
3436001
389127
22468585
2131143
10918804
26595474
31128591
10738866
16546264
12479677
10386197
9658679
8837924
445859
24590852
16551673
21304119
19726644
1650097
1599989
26897294
25004199
22116961
24377402
26812041
25717483
7895120
12633125
17131571
900303
24874203
7137405
10051061
22108398
28733036
1721240
18595178
24459113
2325791
19115455
15701069
30639563
17926671
17804081
12934983
1779415
9387090
3429701
11433878
15863815
18702932
1269295
18837870
1766578
22052179
30117296
17671287
18725178
25383932
8173226
16013895
15274463
21601292
10621946
15685401
3942295
12738039
15554779
15123490
24796943
30743017
23301947
27741027
12507744
7462170
696928
617221
25451435
7578643
25190429
10588413
16768664
12680901
23909952
20453536
3335487
15091306
25164093
11552959
15541060
6622730
31136914
14636372
28257447
26164053
26905615
26881339
10509618
21057428
8038299
2084784
28841488
20712754
23224475
696376
28960669
6631433
6637292
7244039
30328224
9426881
21546839
10686973
18384245
9288440
3167370
5142760
5248244
21304123
15571786
17162825
20374154
23857742
8254153
23790741
1605062
34112182
18514146
7918509
18211555
15208770
7454308
728699
29228982
25479050
32609945
32306467
9105958
10402625
11426515
14746203
25892256
2084785
17156154
25066202
8722244
7159802
12880514
8823350
2211537
15895952
17451018
23842019
11153963
26892940
12507732
9217412
8175248
16199011
12068370
22727729
26667844
26926128
12364668
9084893
2903142
19102673
10507527
9858079
24574307
11883727
24060589
8232837
32579284
26231750
16175758
29065864
25827034
3151399
19596447
33641060
4037131
10761347
19707957
2768205
9585715
21185425
25554538
34166526
22339488
22729334
22420594
19133966
25370283
15362566
24282498
24246363
27520890
20712561
426116
837824
9356772
1600908
22945186
19594511
6496149
23601168
28847296
8780445
12858152
3968047
19556068
28800706
20141806
15738855
25142404
24828445
2881209
16055786
16946191
25226195
25462410
28593878
15880391
15555714
27344618
28258526
25093796
10683632
9788635
25041243
16923043
27198073
27764692
27235986
762540
17845273
3223319
15863822
18199236
8175247
15895957
24449192
16601825
3878663
14700010
24557702
27107808
17894035
64676
20712758
24077657
6857650
30525908
7207567
27027848
16168792
22534736
16647762
22423377
21489298
22210540
16426094
21052044
31721386
19433142
7598471
7119766
25482178
3187640
16280343
12890307
17685745
18771102
25236559
23394017
1958161
971027
32664026
3160734
27112231
24089320
11011863
3067540
25796341
7726323
27406282
14638583
9387083
4009155
21237358
23489400
12479687
665861
12356252
15225153
1760392
1600903
17299601
10964852
11880944
30999090
2113802
29351117
2521089
1793419
30086469
8297060
655308
19900260
25687279
19538690
15786484
20034193
3167468
17946286
3195679
17181912
9186790
16965185
17333671
17136501
1677020
23691801
8453443
4900908
7608044
20810001
33050952
1125932
17716051
24921420
9595826
3826433
1770160
6709780
12788248
25559296
31104720
19895623
9856613
16041559
24613983
7092488
8617700
23276524
34444069
30138860
3811738
1272519
24422358
19455611
16566624
21440943
7786884
8271642
4157251
12769237
10507522
8189340
16965182
1100676
773171
1548974
3083702
8961040
16225558
31635761
21894120
12392351
21675593
29417206
22733382
26646048
19418510
11252666
14607394
22508590
9342194
696927
6124957
1600488
17042883
5113823
17017897
34161888
23859668
23932736
14672797
19252161
15505527
9488930
24387237
11011829
22945212
17650978
2597918
24439249
14631604
27869904
22302326
5119300
23663490
9270910
32276301
33601710
23881005
28728090
23189939
22901360
26670713
28102561
18693630
17391357
21894111
17922938
31471938
20374150
23123569
8463061
10403162
6020754
21196931
22212878
1439998
16176440
23261138
4580439
23551755
27523498
8988453
11765093
23896848
8961034
25616505
32959482
29099544
6362645
18297417
17143078
3760847
5721649
17845275
19538680
23137787
25295837
7582663
8150791
17037812
3125002
20860871
7798468
7587476
16884451
25124743
32597302
24371326
34020207
2963047
9090345
25837549
25172270
1119627
25533269
14662553
25261261
25294032
16598966
16396522
7502652
23058936
17631368
18922203
15970930
1595362
15898961
22059331
20888051
27737475
20353313
10804072
6715289
25345626
16176437
31665571
19229511
17149541
30411484
19796430
9046982
2140845
22508604
15323589
20131205
31510965
6578523
20571973
1790468
258964
421037
587096
9173298
7625868
8754593
24847997
23001382
34107379
28503112
12635568
10386198
7796062
9330018
18177279
1643843
751512
26073281
11387787
7270278
16904251
17154748
9089053
28301219
17890977
32544707
33361063
24958307
11585941
4025624
20888649
21653945
30092918
30673717
32513468
15383136
28829959
30518229
1981697
17607639
7501736
11958165
22631621
24230992
10881982
25462425
16124838
21514674
18363423
17503990
18056226
12868509
31169098
28755604
11469675
30145304
30267955
10646829
15863809
12927010
24018102
16005983
24334924
22678229
7380817
3216343
25357197
6367026
9895180
29730859
1362775
3615774
8725744
6693674
23871128
17176206
17687139
2722760
24807784
23266709
25259898
27631141
23869043
24721552
24393447
19567899
26706828
20855116
17450044
7208743
30888852
20073112
6817356
5564483
12238740
20595014
1430658
7485270
19489747
26252885
9160650
18442858
1600919
19895619
6732419
3688288
17417810
23334676
9034547
27329743
15898959
12841481
12695318
19631388
19062101
28654848
28477501
32512353
31767255
7485627
6665029
17122410
14672799
20836910
9895198
8038942
8829780
1460689
6722232
25434520
18363424
676782
7754420
2944926
14709966
16516304
29723720
8416018
3949729
25462416
28776930
12963674
31385763
6796987
31978440
18000450
25814263
22943166
8887708
23273610
23969624
26587161
10348089
6847339
8832770
25620790
8071272
10730103
26878941
26004623
30506616
27669996
620997
3161060
27745722
25545605
23352046
7588174
26872421
8919420
25368357
21848702
8935214
26001719
12587195
1391292
17284137
1862158
27592139
9871819
11955978
7755123
18657240
28975724
3728725
19267703
26698820
23706842
22036090
2107763
15597140
18241307
25187443
7386685
15560322
1918429
29803951
18199240
11690598
19624394
18565633
23224476
17391352
26238969
31385812
6622736
4995460
18199237
10495760
3597331
18612857
31401865
24311196
23116963
23218898
15938586
7398250
3800579
9000323
18245180
8557890
7448472
24725200
24084811
14982904
34348675
2929745
17182104
32648978
2568195
31449716
21724267
30016127
24330379
12607072
1979556
29212563
22249465
30028359
15898967
31451406
20224405
6534642
8321340
6837779
27852343
2281805
16403177
18000492
14601032
12625998
17435576
6758755
21700276
8576824
31364895
19440884
7304794
25451699
28003152
7158668
27743529
16023735
10080559
16449483
17671272
6124134
4621007
2109540
22424539
2265534
22717099
26245016
20483468
22169253
8419517
6465394
6101440
6000931
32785453
15923479
19390766
26608002
23791456
7588180
16511733
16612498
20122370
7951314
31487381
27825780
25236562
28292279
16733291
17960965
26876323
1457629
11532745
7072845
9018020
15229062
16965216
20712750
24112946
592347
837661
1254780
9171912
895998
23370488
16961421
20492847
31098939
9080544
19286354
3718174
9161761
31768664
24844064
17406649
27135375
8550952
29781886
7491390
32829193
15465989
27325150
31282204
3615784
7991003
21646824
20858566
23327753
23635018
17884176
22404766
21842957
10881206
19660167
11093072
29357703
3450504
23963644
34298288
12363119
11975062
18692905
31761483
8349394
19478293
17389121
829626
26417775
15605631
16938790
32447269
10467978
24433493
26450942
30267264
7852827
18583431
23395231
27015045
3938025
1272426
15762830
880537
30864181
29168603
7874672
22508586
23443034
8988957
33065830
29316520
8038095
26091199
19190727
10360405
15738759
486622
29536121
2322086
14636365
379685
32056891
30058102
4123663
11145461
29935928
18174500
21382301
270340
15117398
15571793
25329791
18699952
27788314
11926084
21164351
641284
24577622
32883138
22893536
28197982
1944318
12427303
24365866
26357986
24838515
19922550
20531126
8080501
18977035
32327632
32215771
25563517
28691361
7028797
2906808
31203140
12188978
12216008
7608045
15693748
7588181
2027912
11705718
15820266
6696594
3381929
5732734
33656816
31840225
716530
696957
17667735
814073
8543528
23861766
21177317
14533138
23764381
3147494
25446463
6582772
19178948
18849896
26812917
16511726
24217865
8038297
6722384
2276725
16697468
18199234
8511231
31438925
17521513
16566632
1901850
22329469
19748130
25066366
10718160
8780440
28574009
18657241
15677598
25282427
7325488
21658357
2031465
19538905
29282470
32305265
22329478
26746321
7553547
7068543
29345040
23686158
32636474
24217867
23691813
16318823
2668995
28437055
10910805
5143407
1876627
30208971
17551352
25142103
19996269
21823964
10671833
27304258
2487180
28590601
12880937
3734766
29905660
24837443
29533425
24389147
25277541
15780683
25403956
11377748
16239160
22963164
16225560
16614546
15625201
31721482
11052406
8875661
22169250
6711347
19025228
22212867
8942208
17109717
19182176
27838212
29883937
3701318
7675997
2643359
31821225
22129768
29607445
21924587
15932053
23200830
17878006
8192212
10087696
9122286
7407737
11018223
23158877
21721919
16449465
10327940
19594512
18202931
24768107
8267112
28142102
17455103
22959680
24029195
3241871
11853980
18806921
20374144
19580704
7786959
1770967
10418808
3510572
1564049
24635947
21688113
18781119
18507494
5724617
15930075
25173432
10234565
12507749
26207348
10550863
23903338
31422453
26969211
19952146
18037550
18979198
11387788
18606111
2486194
4533703
1295000
30327092
19606936
21104467
26990051
20577142
17338904
17007935
23684514
20837502
19272656
31064610
17604972
22205951
9172977
8149324
18059112
18386208
9042676
12788237
8352348
20565435
11869772
26851552
23869907
12938867
23848428
26934362
10535098
19500089
11514131
9704869
22170144
21903025
30221464
3970264
32325768
10779900
17555817
19594503
27016286
23798337
19845416
27570928
18037495
21683454
5506045
5445043
27105455
31023037
23216045
15724876
16816280
19243836
22342122
27866502
17324469
26515528
16996137
23547648
4886105
8329498
17618089
20037920
23664566
8363534
18270810
17917467
22991963
22305430
19264273
9428062
28220797
22122651
28213375
21497402
11590965
6581756
10401466
20452887
7258366
12027040
10645733
30216918
3360313
16176439
24139284
10921270
2930331
23196997
25415499
15207941
22111122
10847311
6419252
15222640
15506719
30248639
14690770
7458572
18344750
2663447
27930915
17680916
6833196
12648894
6812442
728691
4587809
24359851
9611672
32504872
10507521
33590703
28499836
10800554
7533054
11765092
5959962
30326960
9324414
14762233
10984723
3663078
7892398
2689433
26905414
17696023
21816486
33686641
17637502
3124793
2695123
3717440
9748861
8218430
21701911
7065841
17680921
2963046
27138820
23957567
23057759
8146245
22220741
19489745
2495851
1183307
16696584
28825928
26621262
14681919
30546013
10743846
3432442
24500332
24433249
2107762
8615413
26896811
12720481
19474582
28416092
23747901
8604402
28674759
28093821
2146300
29195035
27692282
27543154
1120412
16324749
22951236
19883943
21048473
17052730
19192470
21320250
14658969
2121720
32985049
9220546
2621258
19413416
28585513
23286455
12895202
12222082
26773919
16828262
19264274
8461347
10211165
28335872
22607132
23463067
17688457
963806
4754680
17015816
22998105
7397289
23437962
9892318
28474173
23764386
27226262
30647228
29280686
6127130
11254015
30584814
18271903
9092295
692836
8837921
8834437
1868432
24080517
23160114
17558627
19395051
19252442
1860481
17988366
30418229
7365814
26291791
23759280
15601606
27875484
4128564
740493
18186175
2596340
21208108
17201612
25131519
26238383
7025570
2794991
12798259
22294139
20647154
7806688
9585716
27500795
26724691
28636575
16471108
419242
10030477
7365930
5417813
11825144
7892770
6139957
16272078
25547439
24110866
6220043
29564681
30616122
7119313
19689482
26314700
20142820
17886170
19264270
3532830
2955001
18786726
20667291
18357575
23090632
15741761
10695156
16804501
6150650
16411028
11780877
31238704
29261491
2191279
3398353
24383665
24074480
16137715
6461685
23160106
9990843
21649951
16026487
23006239
26459073
5053648
26241859
15292544
21829911
2761684
30908092
33290382
1798821
11523849
17764380
18635717
10517049
497617
11447988
29121879
22134460
29718601
16696829
18186174
20172611
28235210
11007733
5745123
22631625
23066769
3709132
912789
20041478
28944987
5248220
11579028
8500081
9564685
1591199
11292517
23457179
23279993
26871425
8560329
9413417
22280431
27144298
12127602
24119150
10440521
25745820
16677713
28292029
24875048
27371120
8254150
17679314
29116664
14964625
29567620
17167342
28631584
23896850
21094669
7867314
25346391
16401167
28390496
18845344
15693746
26544611
22407730
29345037
16313969
26024928
30170709
15558078
19776206
22225624
2968383
1111476
20118454
11153809
1555404
21169893
1180664
23360726
12188979
19015628
15994710
17445518
7893254
27448153
30994778
24138298
16635935
7790640
25549262
4717034
1615103
19624393
24638050
23245750
29149757
11450180
9522332
6742979
16427131
7675973
27139077
3005965
9017533
28574522
19419385
17370224
18434101
28992395
33022523
20836900
16239870
2970495
24439518
16511724
28776398
27496864
23193722
30784723
26777134
10846299
16376431
16928441
17602754
16197361
19192432
28462772
16411978
30145290
8038948
8550951
16526188
548267
11869769
11912649
11819160
7149069
5426650
30267525
6222092
24749716
14658964
24096392
31642388
5209325
29050637
25036010
17594774
15960554
15056545
16225557
25570422
11270927
479864
6059224
10588423
10622843
1793412
1932401
27987053
18058418
16926928
23145388
19264264
6589656
29419949
19758515
19213199
21324951
26348802
1955288
22209188
12044195
10626920
11772709
2230760
32732996
9435759
21343708
29333954
22373296
28531646
31525674
10363666
9056121
11236332
24857564
17178474
24882185
24727726
25238632
16176433
19500093
6750043
16494087
7796207
23160244
3458353
12563537
26070195
8610839
20557947
871234
30953877
23896190
20675967
17064433
26423477
3339341
354552
11843776
10088139
25016763
3869005
7260493
16551668
28531561
23638599
29909303
11231097
24655771
27249092
21425935
8518988
24625313
22613185
16086626
28994900
15948762
989411
17042880
33202371
15044126
11252643
6812371
14563100
22085479
6625008
29980133
29778054
27380863
19103463
21770877
15597136
9316163
32857954
21831368
25863910
22504610
26943234
22420590
7331840
6703114
26459471
17234344
25430914
8315038
1773399
18516512
22243047
6389308
17012700
26996165
18361094
3888519
21131055
30221967
32456443
18214727
19909839
16009565
10637828
30294823
22420595
31060361
8888366
466626
19560827
22283440
23856282
8097229
21112457
6440598
10760559
944610
19909670
25103632
21696830
21547275
8833685
11136644
26720009
21571375
19136358
7653334
17391350
12369264
26417757
24751316
18635716
22853792
22389442
18191210
27400335
2109641
33147655
25919381
28199893
19122008
22548901
31790431
27058008
15458610
32893730
26575297
25010031
27247836
7620759
20664123
31317957
28752582
4049908
19407332
10622190
24604467
23842009
22051076
15529226
21601926
22834462
16411980
32960499
6229566
3110468
12212526
22332911
6213688
6957177
1753451
29044718
16202454
30328222
18257615
7397287
27959671
6438650
17011728
616571
1888958
22070515
17151179
24388120
23487201
26614534
17290338
11760699
25377606
2750393
11552957
8991873
30784724
33099105
708196
21652084
28590370
25010107
15705004
19254445
10572348
15952948
23829436
21320248
16325920
23844755
20393679
21783257
6479818
31437660
11963340
23036068
15348976
24794029
8149316
6443027
19519263
12231265
18018936
11684137
14653228
1862216
31169048
30308380
32972195
3931108
30642197
24270482
24597758
23656284
24655759
3659195
19129964
6126129
22752079
7598353
12387688
24402215
30241024
8038738
17960974
21620480
19183125
23638442
6860079
31048556
16176432
29369448
16403187
18004679
26647231
26349599
7909451
25678233
1752850
23052291
19559573
22101737
25800950
30124585
8834431
15117397
32212517
26062406
27128720
12091194
6439056
19752647
15225148
7410328
8993155
26651011
16641832
19500097
7545160
4041696
5041534
27324989
162485
835747
8640201
30022520
25497296
11740167
4425782
22968227
23312884
12450629
18362874
16917682
20696479
26360451
19520435
12141273
11247181
2690167
4937544
7848051
30870472
7973464
4118559
9853694
15147051
24067291
4752681
5470285
28458141
3341463
17994346
17303249
17283705
25660665
24492903
12507739
16263857
26989836
11078046
29952230
12519097
27978794
8102624
12578431
6367496
27425597
10746901
26529281
11758097
23621705
3753163
7387908
17503134
18683294
3495248
12523872
28025861
18681763
10746620
20864620
1752178
2399297
10093780
23915232
7790672
21621272
19485960
23030601
22906117
29189086
24310088
24862657
11893872
15524097
17935734
19166147
30165326
20525372
31132573
9433542
24135506
27728870
28777982
11469669
18271909
3766811
16116946
21176026
28263040
24580856
23931923
11925314
30722937
16707029
848594
31214924
24767016
28503105
10192401
1101590
17202565
21167689
16082431
1270764
4189687
12716245
11450170
30199694
2054442
12804123
10386179
24219657
24589068
27693668
10554911
32521383
17284142
21320253
28577590
14569473
31985560
28345388
28176421
17280569
7264059
20699193
1853981
21865958
29627698
2244802
20712759
2750983
19440881
33368908
6711698
3691078
23551834
19476688
1982184
19658123
8366481
11434641
25562540
18794513
9448659
3837889
28365466
31758547
3970279
16879137
28901625
486614
31081991
32275224
7234481
10459403
15208769
16179814
26415581
18635719
21668080
20591494
1991943
15460356
24895741
21271823
22775344
19543566
25046739
15005752
27367308
20636646
8500074
21620484
26721636
24200153
8561195
21183010
16476146
8864153
19108664
6847986
29969938
27275781
17890984
7777648
1643866
25208039
22284021
29441650
1728157
9342211
19949203
22862999
9713191
8173016
27412727
20868462
25462405
28619114
32421610
10440024
4421964
20471692
30383306
7963070
23212065
18514157
33422818
15303241
3114828
24847999
18585789
31610309
3274891
22858215
29265573
23554570
30455058
16038599
3997789
6791192
15845754
16740350
23149281
15826742
18029027
15996747
21984801
16034285
28551555
27573491
21188786
17406176
8413758
31369947
19443040
21447111
21185426
11207338
1976619
16879141
9606523
17541120
11532530
4003592
18208632
1679275
3698667
17696026
14751443
25865120
18324664
23408933
31163332
29022840
9606529
23288495
6732426
11473510
28063384
2093197
8831453
2284357
2440320
20922147
28991067
26702521
11436963
3084455
19687171
12940246
19164845
23232419
6448882
12523878
17176505
2148332
33389844
19005876
11914176
1389041
1564027
32113850
18199235
18070873
15650496
21158558
22898470
23293900
31488790
25451429
12000201
22070642
11722274
11018214
21843277
7995025
24725653
27391267
27650399
24079991
19059507
31917880
8826686
18199233
26395972
6643395
8831857
16026490
20922506
7804660
20691482
15960565
6129912
19278733
3942278
16603472
16669723
9893405
11378993
7707843
1905373
4437274
4194968
8197414
24912983
26556085
15935623
24568936
26825113
28049075
31752442
8296883
9781473
1856714
16816013
6809063
14608587
8348196
10616937
15460367
22098226
19232019
16043229
31218667
15992389
16599648
7649957
17160586
6427639
4827799
4750549
34440977
28411507
12454350
2763984
2865999
15100559
20034673
27435356
19578682
19133963
16038598
19683348
24491611
3811714
464134
453357
19909841
29389150
17257513
10641585
2294856
8353173
19108660
1491356
12888860
15877776
31503186
7883730
30721585
16288314
27930913
2598962
8421267
2900713
9659854
17099562
15117396
17261688
7755142
24182545
9347136
20148872
7446757
7174618
18922231
9210749
10956576
6711344
33212406
29980130
28135594
20234151
18322928
33310452
3123468
10669980
3111325
4613319
29636354
30793271
11865735
7979883
5638076
16551669
11379838
33287748
20712752
23771210
19839999
1422171
25212880
3345980
24499389
10732661
33753882
22801298
28647289
25545077
16143731
4427970
6512003
3175738
19200432
18346295
15532094
22030132
22579145
30761925
30639164
10082186
8808348
7865497
8486818
1343521
25536099
10898906
16043135
28276284
10781705
26097751
28472082
1502292
16678275
9856294
4875780
5592425
6889175
12505823
11481172
31542988
19949208
9132624
8509073
825908
4655292
16962842
24609453
25555137
22858217
25377613
2011957
16480569
24901318
1751874
28833984
21678576
26578215
22858208
30412775
30014719
24513018
18452450
8005899
18402361
24102772
20029794
18758743
20233338
17550787
8053367
9565201
27931917
9812128
18949649
28126580
27869049
1491362
12590629
12190711
19317016
17099571
20816773
3108230
4559854
5504210
19538686
10546959
1272531
1658841
27665062
22576049
14569129
16508032
7055254
3985209
11329416
10483845
7795922
14978470
31801608
9090344
8009518
26785105
22855220
28714555
15146337
1829002
23634979
15032235
3772358
31488778
7333799
7654126
26444073
15654932
17146011
5359047
17566880
27758835
26883067
15091299
10228927
2602525
7232650
44861
24321773
30326884
23252930
9127833
28686561
19232020
6581487
3084598
12795572
12479678
20156925
1791269
7935284
20889656
7258394
12773277
26995239
8585380
25824070
25203467
28098427
29534856
20402712
20677850
22503379
16796096
1101845
22980587
22297067
22854579
27115960
15502597
24109873
18837862
24798215
9334551
20105148
9109103
23395229
26329572
16194770
15526253
27890303
33445061
31588985
20674280
11407267
14526132
19911248
11094136
23157798
21770869
18826466
3923845
21848703
1176977
7028795
8460649
840719
22926687
2919698
16698037
12630658
22774941
22182975
23663952
2689437
9226089
17107657
11756014
6229567
23784607
1729578
21057394
24935197
17042836
22510035
16840947
18402627
15487606
21322870
6642464
7271754
4255239
6436484
21945379
33044351
18302291
10375151
15641398
7268033
2386858
18556177
33434957
12091784
8509522
2494019
16956074
14580085
16848650
21544745
24206639
3160740
25550239
7354019
17073177
15306139
12450952
26561371
10743842
9062377
26083819
22414662
23451001
29451300
15994727
28264739
22250617
8726483
1219954
18438184
15703073
7972636
26844967
26915014
2386267
7203573
17984779
34037349
12854971
9928909
30865073
1938976
30912461
23945090
16458364
21093062
16641834
24310089
15812100
21334858
12059846
9186787
9661092
17414256
2574720
23371914
27324550
30074118
27647353
30354038
26165959
28365478
7649951
9009612
7578647
32447355
28004626
25772270
25252307
23339675
250057
15094254
30051555
18241306
21830073
25816887
871487
11240572
17764909
8354738
1938809
2973109
29156424
31790709
16923658
3964581
16644257
16446616
34000155
7883728
1636813
18676603
25010788
27177299
9696508
23768870
11576037
2400018
8179460
8435712
2123080
15863741
27279513
29425204
10898918
8911565
879362
24262665
18373024
16318824
7964209
2244640
2309965
20633309
12056578
17029490
20562789
7417629
12579472
3212152
8173828
6431833
899527
30629976
4713417
10357518
22931684
25086849
12190719
30586559
9579289
7081399
19332357
25734353
33386718
15841678
31539451
28804990
29777563
17715548
17606670
8766458
2031463
10893493
21774991
32895076
28658249
27769136
11333062
28542780
6215440
29505190
15296824
23866053
8896785
19434346
12410078
12084423
28211278
3624827
26146875
25940653
10626919
22569753
23010768
20435965
10863888
23062746
16420076
23280457
8961037
7219626
23470604
8461271
2279899
4551256
2387242
472716
20129005
27858964
17547578
28616776
26876321
24176647
24028391
3092681
8771598
24068437
2731705
23511717
12033204
2803140
18715651
3440707
30149337
21664220
2252468
16399973
29253803
20565431
17065838
15142613
15330403
26481908
19906349
16873857
9378689
2282618
32961005
28691278
382217
30423467
14763688
19429160
12888856
17691194
25056223
9051155
25928091
21967890
1540778
12943938
7583472
23790757
15698679
28029441
23135309
22871393
12467954
10071717
24554693
17007487
18812205
19754458
32815392
25596332
16300689
22508073
28421717
22631618
22104291
22342167
14668941
15950022
24048399
7235858
16169087
16190786
24247478
14504992
10760562
16263839
17714370
11481189
15654936
2282683
5831875
7848047
7325027
25454116
28365865
10507518
18507483
18242583
22464935
17785956
17688458
25180527
32498603
17417815
18582347
28527265
18635718
31822292
7551964
21381300
23123133
19708034
7648847
30343458
10227110
8456169
2084774
20029406
2975294
9381957
9861474
17126406
15960566
30286842
6731641
11353454
17497717
26576693
3961033
10550856
32172610
33547595
8909329
18450941
15827049
8930025
3941059
28523821
20334933
1780370
19769442
12392349
24185242
15134424
23774140
18328012
10609421
7624488
21185427
20146919
23982186
28535448
4265814
4829316
12832254
20171742
8168791
29308715
12381498
27269044
24262639
4986244
15762862
25187262
18163039
10442791
15556120
26222302
2078211
27017320
15708417
28559123
19252157
19727533
25563670
27759214
18162331
16169190
21953909
33587793
6231330
24070907
7994522
32942345
11157432
15541070
28483070
23856945
6943593
24864536
18950389
24636453
6957903
22840553
8039462
1791267
24261315
11093073
11007724
12727708
24590850
17985761
14971866
24962329
30996193
19631671
26309020
25556671
17097740
11082479
2912232
3400785
25844756
4024796
10404709
6962437
2278981
16566616
15554762
24308489
8464954
10624556
4003613
6657807
16137268
17164645
21481244
19933711
7705092
6726215
21545446
16050919
15050861
21440307
3409160
26070045
25272338
2360802
28072662
18076531
20080982
11256686
497639
18452444
25572482
11246086
7911851
17267047
25617037
12957720
29549335
33360586
10576323
28180904
16282872
24825960
12921902
27992891
29108106
2948989
4027309
20382908
24448212
27287789
6806254
12411210
19352219
8929049
31394485
6505774
6731648
32882577
737263
1101044
20336799
9653709
30037609
31220216
7738865
16500795
17845283
19000640
30536496
1756351
27181262
15842182
17367868
11256658
27011364
19328558
23551803
9872002
7047505
15967063
28922738
19419382
31522204
10622175
23538015
863405
14601038
15845758
8736468
8198670
3917429
1222678
24307178
12975692
28778129
2037748
17084905
22097112
7839178
4441238
5156539
24938878
12716253
15563509
21519340
16026485
28482311
20153384
2335495
19906344
32401870
12059844
24419314
22563568
1410070
9775663
20841962
19018158
19269201
15380855
21418434
11719258
20923616
28836352
8462942
22429365
11195996
3804982
12832243
22343582
23020773
2500990
9629948
22985694
17592931
19267701
19670057
26804773
16866593
9264132
2944933
24515709
21550667
16426109
12802996
2387791
6406127
26223315
18635715
22846650
8047628
3592013
5077878
24625924
16741190
1395548
25295997
16816785
17348610
5476817
4885858
18350681
3552219
27369680
3983290
19192979
15978780
25678174
10868328
30427819
11032979
22136096
29024194
7772648
15558889
10232294
17588605
21276242
7183760
19268175
11684138
11907593
6222095
10624554
16730331
1773247
26301477
24103187
32019354
3372890
1337539
19497250
12975680
30802696
20458195
18188683
20231325
1827477
32739706
23314407
47592
2750387
1655851
26819404
21352183
17644186
11142544
17854907
32265532
20148868
20958841
3247404
12776654
8101125
1561887
7108498
20636635
29626765
20536186
20728005
19393382
15727488
12397883
23820830
17612849
9771823
3579495
8707155
22939529
24548785
12469687
19296014
31185485
14672801
9590667
22446567
19500633
29933949
23315174
15225147
31911063
22897029
15631544
28857347
1393337
16968146
12121208
11823276
8885575
27394052
21804628
19407725
14725603
20491717
8419561
23790555
27016660
14675740
8071302
12650958
16499977
5561067
6039047
3167408
7102229
29245093
17107229
3988719
22876738
12656935
2354225
19538682
15049773
8375847
6480573
10982202
24359146
18386406
14601035
18316683
33710284
11566158
21839796
8217063
1389048
20004888
19785919
29596661
31482650
25020078
443476
4849927
21111407
24364600
2115895
20856191
7982857
17988359
25524085
27137894
667233
16649836
20141803
21077387
22401488
11874212
31081573
21981895
17391822
18533757
16203954
22108181
19886294
9004061
21176024
9766693
9111853
33901658
24709019
19602917
16480418
2689436
2142702
23036958
30336492
8685296
22822175
17430295
12128239
16469389
27989245
3913975
441684
6803599
26142689
21894105
27005426
10221559
8639147
10721685
31076186
2561683
16390907
17825922
12807371
18441528
23560889
20449978
32056918
30516584
29243543
15225146
31748866
27557395
15992398
21281661
20433320
15482871
27307450
18644800
22472877
23611537
24725656
4050508
16432528
15117402
16841628
16423162
29339689
18635701
7440098
15539862
21048285
17768268
11925353
1648581
28160351
17353940
22212877
17707248
16816301
25603860
18612869
26011123
16840938
11368836
16411987
1918428
3593824
4457496
16734650
22085478
10581984
3730464
394254
12479673
21176034
26555604
31722343
23497411
25545082
16889585
19512966
16782312
9314669
9232212
1746279
6847984
27488254
21851189
19969370
17724969
28444949
10616948
25745836
17703715
6478118
30579045
8498880
16020166
24074483
20579511
2053620
16488021
15654934
18056246
19478300
29726004
11103319
24847998
19745656
23167933
16449477
23357439
33656813
12706954
30383333
12880512
22030133
16840944
10356031
28185811
10590963
317648
594242
4419332
5145371
25462404
7264179
29520539
8882914
14604458
782261
6804599
25828504
11924080
2207523
3099218
6144154
9460095
32171903
27067698
1790162
17845282
28599348
7667458
9858077
11015631
8529563
9055834
2073228
27737600
26117247
10457967
8047243
7551609
19232743
27597463
7126949
3233020
8919419
10199120
20173689
2960716
23312479
9672897
16026491
871492
10641579
11256463
16358595
16998417
8708001
29909301
20713498
21318193
15383132
28337866
17675066
8214193
9769349
8435709
21971195
16677225
1564026
20854181
28205606
22085473
26390194
27384497
8556098
25054363
14525558
21057433
76213
28437438
19465878
20180010
24359855
24936758
34376209
25534712
30414554
17970530
12570068
19702498
14969775
23939559
25717492
12190712
27780338
11968273
21052983
12505825
25313338
9172976
27959329
2148331
17498159
12890306
24655650
19918958
1928492
1261345
27049347
10622182
34077034
1007939
12239436
17828658
27373547
23186328
18271913
22409302
681305
9565185
22335132
19909672
21866111
8029377
409517
27028495
7094870
23366369
12711402
21135313
2521090
19448850
10575973
22949290
24229750
27873453
29862493
23906864
29248822
23253178
20410731
31377606
16134713
20148866
4025593
8369236
8227760
3377645
26142612
24751312
25674905
30699870
23803872
18787660
29025862
3712291
18423093
25129563
20141776
24126930
20620265
1798823
31954410
9674984
12841459
3447676
10087579
8780439
7212116
7386676
4459463
32698802
29372938
16926723
31961175
10512608
23261133
6691499
19207123
2552433
12895201
16958199
12960712
15555685
27102914
25553497
17239053
2858982
9514596
22070636
20921861
27995827
17987058
26548981
34120688
21054263
6746971
28411573
20559148
20936438
20851277
12556265
25939286
27842735
27229286
4748312
17924243
21889213
22342942
3338979
23663339
23876746
25056514
25462421
24502865
22297310
17680915
31626228
11571857
22528061
12672259
20338641
31735057
3157719
10778262
29691917
33246197
24059142
9172978
16934765
9127829
18689291
2968391
9858080
8199799
2879267
1487473
23830859
1810868
9108809
9017976
9433335
25012439
24359853
26890465
25943422
12107863
23384717
30915765
27454409
11206670
11768844
25840934
26396062
31607354
8479586
19609099
22509998
16582064
9246257
1938811
26876316
2869701
15541064
25204097
27525607
12956808
22036011
26414234
17258897
31913929
20553823
25670662
1573128
30266033
16691128
6657811
1408073
4541867
10708842
20565436
3756280
23951648
1155645
4421802
18483039
26859630
17532587
32927464
16677228
12751852
16176441
17680923
15465590
7059642
29232965
10572338
12396257
10363667
21547271
25969160
10512610
9400884
27783716
34101974
8277143
27377499
25240845
23861367
23099447
2404521
1473072
23394711
10401489
8078955
6934698
5510013
8018802
23489399
8201303
18606036
27344363
22504614
7883737
18363449
2148333
16050606
7205972
19426162
15967235
21565466
15337333
20213933
21295217
2881492
15323597
7790673
8005898
17147836
22274630
20398907
24194362
11277609
15853617
18456339
27503048
433633
24165097
12764705
6241215
495801
31378653
8275895
30549480
18502736
23128927
25752586
14680717
17389119
12963672
9433558
23084802
22911321
29575682
15762859
30378461
10834624
2284378
27027886
2243889
7333788
32144641
22079584
15894380
30649527
24007785
11252663
6213694
4812683
8178659
18567982
22409736
10944719
2215159
26809779
16525906
2137470
29550743
21996277
17391346
16887395
8007391
16020026
3756267
1359003
21486542
33979722
7427282
1790165
18221631
5783024
24700737
26360429
8988970
3743573
7435688
696914
5458600
15820270
10964878
32745598
22922076
22652928
14977464
27472964
20152301
28899614
10359478
21237357
52007
24377755
26514657
7852657
31159677
21586996
6454710
18571901
10698829
15038912
11818469
1579607
10705252
16027738
23433856
3962704
21066907
8275897
18519522
8235806
24428168
20384098
7552570
2089815
6730822
8570765
3809326
5954741
16955445
24625017
22674317
17908017
31200195
549537
986288
32041882
9160651
7983201
6652153
6486284
1879834
3984599
26104778
25586751
14658970
22624742
29303917
19750253
320288
25086290
17983484
12659613
20875144
31177046
17680920
11244150
27810719
30260462
8541932
24034473
30852431
19689508
28004481
1882692
2302442
31299400
29652106
15183604
7108499
11121827
27706728
2486378
19944466
25012432
22627702
26456502
31464549
31719074
16585465
2596350
21056477
22951771
2055904
9919324
22183465
11202141
6753253
17365777
18491230
17134763
4059481
21972277
19683618
26650482
11464539
29516993
9661104
12755174
16650901
6722403
8473969
20923435
29145062
21421061
9693951
479871
20559146
24286629
1101046
28641149
16612219
23948785
24140225
30605424
17963846
1561285
3074349
9133761
12149680
19552485
26194180
15895956
31112601
28271715
17430299
9433547
27471058
4823936
21737143
4455728
27434490
26172983
14609504
1623316
27557821
9401318
6439057
27597465
10721497
15534020
25881114
31726423
23623740
30087257
16649825
18199242
11356238
16551670
22842799
1757575
29803226
1415828
3587458
26144587
436097
12633120
24999863
18956262
10904433
2572209
30926912
14662219
21041258
14982905
24729763
21831906
16343842
25315819
8137104
937566
31159601
16427137
27459029
23419545
11869755
9861637
2494153
27609245
26433762
29925436
32505904
3485926
25682377
9858088
1395552
15094255
29578271
22070662
21034187
6622726
1990073
30201969
19418383
20022640
30339112
15819732
7972603
23590840
25688436
16754406
18582440
15383128
6888613
19267696
8895945
15291689
10443341
1883005
7093623
5113822
26404172
26853311
3913976
18434093
22211203
24411930
27762161
23646156
8838691
22051075
28262145
6404231
26582783
15500301
19133961
2284356
17049378
28398819
24798245
32930060
25068480
8772004
28693482
29536256
17883746
29055259
28297592
16426110
28711743
19652131
14533143
9108818
15572562
11317211
24025221
18626298
3886024
1644722
30582486
17064434
23347971
32593852
16877643
25359927
26143405
32217259
10743843
24767006
23529008
27916405
3688291
3108734
11973326
45342
8150887
12150650
18310580
8740492
33351502
29888994
17220747
4851853
5703851
20819987
28570797
22104659
7025783
8651306
17314720
21705091
26277992
25400223
24004542
11099738
24812916
17457851
1301600
10192405
12097782
2125840
30672872
24950916
28872998
3860884
15505643
21093602
33966550
28684405
16718858
6597184
8674475
4106936
25131795
7953809
20565443
30667398
3067536
22986995
11893876
11914177
10601830
7138276
2324299
12625992
12507735
26961448
17116962
10615350
27450446
30584815
12971021
33515607
22074414
30104658
20118094
22906962
24268595
17987892
11780873
26118752
29223329
18474198
24981131
19909836
28476012
20141783
31226548
27814457
17097071
19624397
16401667
4050509
20451218
28525603
17728666
26454006
2607935
4092016
9355815
21208049
26337483
6236243
6236241
30551325
27216592
6614232
26509704
32981096
26365198
1589586
9137134
21977784
7058158
7397290
5452363
30795493
20502951
16777234
14990520
20609481
28715621
17430300
16020173
26577592
27346321
31747124
23398272
27095160
29069624
9351489
8448732
1268690
7089121
20466433
8731074
24862587
25954806
25257942
9672732
16403175
6489392
7416291
21683175
18215339
21449162
16675373
1650103
12956813
3598571
9035994
7225492
12128245
16877668
26497765
10086475
17191267
23302184
18792087
17267795
19363387
6789913
29479787
25383933
6774623
22302901
31962188
28558365
6849621
8312982
18640785
11989998
8968305
9532711
23820096
23714262
23664567
18515695
23903339
20538341
27371906
23806623
21055823
20965308
7726717
27307288
28960527
16683978
1498923
637151
14525561
7921722
8432957
18370614
23902127
31841251
23332644
25462394
11311838
12165371
29525354
4580489
27882644
2673478
32553378
22978083
7878158
7095670
31291208
11269910
1728160
3529151
8679795
7875950
11982536
21425259
28906604
6082141
17489716
11772118
19473667
28073041
25379425
14531760
21377212
2840887
8682975
32692124
12222080
29454164
7792565
19215628
28784391
16160638
10082332
14744163
12971015
27668941
7485629
2380693
29754705
27138833
28000158
22142324
6747615
23968965
11097977
22164915
16511725
15465580
27128359
22954812
17042830
3715419
21131056
20679588
27659841
24786695
28754344
31121524
10847314
6767189
29120844
7067431
12788245
11150895
4014503
31331636
21897858
24330276
12974995
8012380
1555823
22682679
8348197
28503114
7573584
28826088
31228639
21099378
1961868
7262950
119166
29553307
31969278
27310226
8831438
18456508
25571524
17932733
17224185
19170690
15465573
569523
19776668
15212611
26683251
25082489
16337008
17430301
18837861
19452498
10867113
24999173
10862802
28850853
10512603
16938147
4441237
5000023
24880581
16848652
34190952
21451499
1605051
2795649
3949726
3949721
16844346
30981755
8919423
26845265
14742592
20230117
21562142
28814728
8444752
8292689
14638572
21443568
14705583
17894061
15935230
31648654
27993232
18377675
25814521
18444252
28327444
30977426
27647671
33438502
3752303
7578661
2317731
24053030
27391371
32949870
25307723
16634715
12084424
31445343
19821545
6792189
7134319
18595639
6805339
10085846
28731778
5711820
25682854
12870562
11172877
19910727
8352345
23768259
3134056
11058490
17196051
20044661
19200290
2514958
8546157
9881834
724835
26906639
22959696
29428124
10188000
1252676
28382899
19820558
15118487
8829713
2420218
7185775
9006398
1347293
21749841
2589926
6497570
2941468
32391853
28810176
12042186
27214525
30261447
22840617
15225152
2418453
8527060
8704068
3953899
25173433
19594510
31796434
15197398
15625202
401351
32409261
18503040
19278730
3946651
28068462
9727730
28392151
2329992
17845281
23429819
17988358
66454
4139623
11436926
17645056
7149955
33792890
22446855
27524370
29926086
25451413
16551671
17630822
19429034
9152585
7647162
2149652
18583441
22017216
23212456
23933343
12296492
24142126
29748770
24731723
25261042
28029429
3471163
17403971
10831475
19564218
17936573
17545953
17366344
11914174
20085850
2136055
27475050
26164033
15211633
24582325
15992391
18337629
23521542
11004728
8564310
19486226
23141631
8043619
2250747
11840509
25101544
30302918
10404715
22845651
29331712
20712178
8419511
30199666
22284020
2597864
11252648
23826157
23194640
23438631
19087895
15641878
28600930
8300980
15209172
15209843
10206839
5081607
25233237
17037811
16197929
28936813
10357039
23601791
16176436
24626789
1632891
12043042
18199243
17904908
22355302
3714943
12706955
16126610
10622177
4569674
17688461
3227961
12895206
34118638
21364344
11147471
22017220
19594509
21506757
25020270
19215985
15741489
22456582
17064439
8038940
24389145
20414158
18004150
4072736
28459727
26748737
19501814
8177354
6703853
1564028
6406474
23437982
26337482
21272735
27515535
23351832
21676133
26417737
12590368
28724024
17151181
27744225
9056128
23015748
1600911
25480522
18657242
31247358
17592917
15876455
27098212
23735843
28459504
19428117
29477586
16449475
20203026
24679127
4019427
26838011
18683295
33418368
30795487
12479675
541467
4975420
8446744
10743844
29136601
30808582
4083652
17113156
9089828
6577802
18838629
3043281
18698515
30786002
12027038
15101497
1751857
20644996
1842317
8517155
496552
19004512
27936451
29017068
17154757
18838499
22734088
12214784
22329479
20381155
20159340
25550243
12778844
8051659
10357519
31282606
19942294
28077175
21925738
11772685
25512596
26528762
15780676
18344739
22121523
10581987
6860726
3628828
8448268
2717661
998324
26073834
21111299
25943979
23102536
19891812
19917597
18207056
21267028
32076760
32008691
3104316
17931706
1752179
18199246
23790979
17391356
24824425
9861640
3195359
6653485
18357574
26905355
21918807
28834020
28262138
9209725
15994709
2420217
4904303
24655763
21040289
22531205
12570066
130181
27688021
3128600
2676267
30125755
21486540
4055245
24636366
655296
11104847
1210967
32772724
24924406
23059424
8755796
10831476
33460033
1454157
31865198
9718626
17123476
15929328
9755358
11921744
22467840
29017153
21570127
29180712
9501760
22016435
8367152
7200461
24238006
27857885
24886581
30738776
10873911
22748188
7888416
4800547
3160745
21175919
18759809
14971867
25801521
9566809
6411776
15684234
9784708
15994707
9842787
27337225
17343557
26147277
4014516
22285502
14585776
17886163
21632039
28144920
17825463
18771019
22979994
20565440
16304753
7074304
16816317
29907438
17404212
2318506
30342796
20615672
18514326
6849623
24798943
11121826
1663790
31322784
11799322
20635436
6891615
30593973
15056521
28891527
6222100
19302766
7402265
5721208
10784486
12832247
12378122
26319738
26615365
9247404
23393416
17379426
19195850
31081413
24644129
11280956
10412186
9089821
32692269
20449979
7583474
3414856
8723047
9220125
12680904
18452449
24752620
12014266
25778474
29581538
22269982
17178644
24961959
19906347
21437990
15529089
16249909
5051619
22451354
9563292
31443935
21829907
15482580
24359854
27813593
25640248
16958037
8601549
32458337
24947278
23320647
3711035
27293065
8562488
23920885
3449871
26417752
17848830
11763015
1313210
6504203
44865
31902051
12450630
2798596
4037984
3117777
27243619
16903925
16542181
2608788
3279721
28139249
19505727
9063910
12507738
16054228
19239828
10569132
32404258
23449699
19016095
11048910
12676078
22548902
6348035
19018233
32936585
508887
30145515
9801727
26954568
2136866
17242623
21109306
29698907
16625524
3930019
26775167
17167340
19034756
3120858
454105
19745659
19755202
17171602
21352930
12716255
7932276
8067486
16861047
15225151
16511730
20193647
30747428
23774055
27676126
1527239
29722935
31450809
8821313
11032377
12478876
20060128
1862222
27624435
16881774
25063960
21668920
7181250
507612
18515820
21406301
2653052
24673879
7732956
15149296
15780686
12921465
8298854
23942231
19815295
19401947
26146756
11534927
25046741
18198271
17960960
17997720
7121073
2001626
29216734
26380368
1586272
27570908
30106880
2056885
24665581
23279995
31030871
24089086
18534556
10964882
28002659
31493423
2862170
645321
21206242
19710623
25807948
12788236
6587786
12502013
29781205
20163392
17678485
4041692
25191765
7991720
3407437
25315116
30122137
22938092
20481430
476232
2500156
900289
19059508
21092101
17042887
23247604
19689481
23318228
2245264
33080761
19774406
10753004
19052778
8329491
3919796
9401315
29956574
16696831
3180758
8122143
26908089
31967315
21931317
12397888
24247871
18451207
443473
20637012
2952696
12607214
30611915
8050901
19506785
16282863
11691682
11353595
5413275
21503565
3965440
7362424
25311363
4132450
22386129
3832143
10544983
26655121
243469
30611064
22911320
33155273
15952962
6137250
3497631
26769392
17162830
9565184
22863031
18455857
11058196
16199055
2149726
19829091
3761127
23351833
30149091
12692779
15024812
31759285
431799
26244883
16595351
23527945
8104389
11097169
17272739
28711681
2175146
12113208
6693024
10645326
18061327
5807757
24269194
27862615
26420497
29179014
23881708
27395460
6718599
17854257
2643052
23157799
27469479
16157163
20807972
28506924
15802085
15013827
26394555
3813808
10898915
9016284
15708427
19443616
29179576
8434691
25297388
29601896
27066819
8408977
25362578
21266890
12519101
19816066
17414683
10804077
33858288
12519099
26252722
6743720
8054405
18087202
16815557
1633434
19592383
6709350
23588581
22854584
18391127
28867391
15107653
29882276
4019429
2813609
7146091
23043691
15065747
27314813
2380163
1449384
24447331
18801648
22417535
23418688
15555695
15465587
17542383
16910379
24240495
17240456
2027422
32521570
17064428
24912456
21683960
32997440
23903341
17845271
23531096
7315489
1347479
29216484
12369773
32186664
14607396
24497226
3871311
19345708
22143953
6798028
22041535
29931798
30905170
19754460
33765445
1819248
6731658
79077
20392298
20271595
30371048
19851701
21188303
15555709
10982196
20361912
31468317
12084427
15001816
25779034
15968808
3714911
12950704
29864615
2404001
30865288
32279906
7665540
25937241
15935234
17581446
18302734
33418281
24243532
11941660
15934881
10374652
11302568
26799153
19906346
18774873
16009430
23929355
18775569
31034683
26165112
22244027
21125506
20089313
12359694
4587067
11256681
2951414
29463875
18423667
23945460
32169562
25771686
29689499
10507524
20350583
10929789
27570898
16469198
18076529
12788251
15023508
11827613
23473358
10904122
32660283
28986182
28864752
2136403
7448480
16840929
4935066
26233828
22762299
21046897
7104553
2943773
19120740
22133461
27793702
26647866
29454034
19320638
3800580
29734951
25798816
12776393
24575411
28471771
31054448
7867316
8436702
3425083
6626851
20152287
7620760
22432978
17442400
23681713
25313669
11858435
15257153
26189339
16894927
26339928
2017910
3797569
22329477
1589156
27234180
6634937
11465528
10401921
7948450
15108852
3882000
7091442
26813488
23146292
25017827
14643097
19196936
6390694
5466751
6733665
10826656
26176599
27480490
19210945
24882190
19351579
22244379
19564049
12239438
16395126
26476489
23296640
30453335
2357929
4504823
25617964
1427698
29779901
22718850
19573503
7794592
23210213
8298847
31918351
6701478
20303066
25843919
17603740
17190849
1543036
18632161
30795490
23426799
10622176
12079729
353869
12625802
19895620
9144109
18501566
25451392
30677548
22358217
21320254
1970815
30421491
33910549
4886104
1792920
23508775
27318597
16511732
28338967
30029064
19026707
30578948
22564712
27017833
32056775
8529571
28570803
30620855
2147905
17478437
16840942
17586053
12411274
18571735
25997918
3110260
1591196
1546548
19561163
20565438
10450255
19224409
32388174
32707217
32701902
27392070
20719394
9344372
4014508
25661848
20350767
11761630
24856566
12042179
22578360
20552539
3160738
1816278
30098656
23712026
33979723
7356073
6215438
31986152
27017999
15479776
3381930
34000150
29983124
23852843
30616137
16881248
2286703
16551667
10402510
18997477
16456641
6231327
14971628
20942940
20936899
15803047
26621494
32442169
15291686
30110496
9344370
27423353
8448262
32056761
21176030
21728783
12695317
9109187
1836411
9356578
1536289
17924248
18656267
18609430
15005748
8808349
11164756
29239826
3890566
19808211
16444087
15753278
12739265
7442958
26304674
11641945
10208297
6221248
23558337
24709015
25678172
27401222
33038454
32297649
8890681
21334070
11313094
12819438
26688289
23801545
25430820
33360224
2467523
15639772
23601849
18452447
26629510
25470092
19500091
4110088
29378562
7948053
16480241
6431835
5163819
27144722
21843274
2116474
12091215
22520085
2279876
4015317
10673817
29433074
26595234
17600172
21512857
21092023
7888419
21414603
20176701
28918859
30262220
22576050
25198285
17543894
25939232
18677198
26459976
20527087
7041879
17728419
21837483
11722321
8376619
22089744
16741933
27775408
20449983
8725743
12387697
16411984
23895085
12727686
18445508
23229104
27688164
16116112
23453289
4063421
11893860
18827720
21816484
22612525
16859818
21320037
7740876
15311985
27138818
18582942
21056910
16777233
7799250
2682265
29873955
11816872
25592045
16566627
8010358
10646232
10686970
22835849
15723025
23545475
33494281
20488462
18037498
9040930
19890236
23246364
6729002
26876322
24581821
18281836
28503107
6131496
5884005
11481160
8722243
19961811
9647431
2517680
12904975
16319409
24306631
19188536
7367331
3116362
1245143
22398509
14977462
2748874
2497949
29672741
10584760
11000914
4566490
21216014
26037879
28068616
2136079
32458698
19394086
9395150
15319029
8615426
10073390
21677206
10073389
18355924
20598752
20171792
26047808
6107049
25841077
12078030
7081502
500576
11333068
4887671
3520803
27405742
31981272
24557044
24237345
16730333
3054622
22085804
20000279
8461272
16251165
16401162
11958781
10883915
32936715
24170252
23998447
18271906
1528958
30279458
18347600
10360145
26001664
23406546
28135597
21443576
17042834
24183241
14628991
11185942
2613186
20413280
3295932
20176702