34986700
34956961
34943434
34941133
34922127
34910416
34876382
34852143
34851417
34845526
34833407
34831958
34830550
34821594
34799014
34786156
34778143
34777996
34777862
34760415
34755940
34744963
34739471
34734907
34729366
34722252
34720100
34717222
34714940
34713798
34707585
34664529
34660038
34646638
34644743
34631044
34629592
34616616
34608117
34573160
34572076
34565368
34557966
34545726
34535526
34535095
34518789
34507116
34494592
34494591
34487857
34486708
34467844
34457365
34456694
34422694
34420001
34411989
34386546
34373809
34367933
34366659
34362259
34360473
34356272
34350236
34338769
34333508
34329364
34324825
34315615
34306539
34298605
34273581
34269548
34269161
34249666
34248118
34208462
34178610
34177189
34172917
34172916
34172901
34163217
34148952
34131481
34125032
34124318
34116850
34112899
34083395
34075369
34075334
34074933
34055592
34054961
34047290
34041119
33976443
33954852
33936824
33928623
33917858
33909284
33893036
33884722
33868828
33846030
33844708
33842076
33842073
33831042
33824716
33788699
33768594
33766419
33755923
33755344
33742780
33741488
33729897
33726699
33710610
33709973
33690722
33679571
33624380
33621800
33618441
33614469
33614178
33613024
33590976
33584731
33580645
33577069
33577067
33574768
33563638
33554218
33527440
33525239
33522752
33520687
33493729
33477014
33472577
33471170
33425695
33417259
33417099
33411707
33407978
33407964
33387448
33372575
33368888
33320033
33311951
33307419
33295221
33287593
33263344
33252555
33236823
33227276
33193048
33193009
33176049
33140943
33139595
33139151
33134844
33123703
33120898
33111132
33087179
33078125
33078012
33077738
33072684
33061670
33049388
33042951
33041842
33025798
33024695
33016619
33009054
33006881
33004602
32998763
32956316
32935915
32924956
32918429
32914677
32889957
32888876
32881022
32877769
32855190
32842909
32838819
32834902
32831327
32819266
32812534
32804922
32773996
32771635
32762282
32753137
32721795
32703719
32698320
32698095
32659199
32650509
32633720
32616063
32601577
32587902
32574896
32574308
32570113
32563019
32561409
32556781
32552475
32545925
32531174
32523929
32513096
32507123
32482845
32464367
32461325
32451564
32447056
32420954
32416289
32410112
32404376
32401211
32398625
32387496
32378854
32369429
32367205
32352450
32348051
32343122
32340555
32313712
32309267
32305563
32289035
32270581
