35032961
35032732
35032358
35032057
35031979
35031864
35031567
35031537
35031347
35031076
35031025
35030983
35030645
35028662
35027867
35027866
35027740
35027360
35026305
35026151
35026127
35025963
35025852
35025672
35025110
35024280
35023288
35023191
35023163
35022216
35021068
35021005
35021004
35021002
35020982
35020754
35020256
35019723
35019196
35019184
35019072
35018660
35018340
35018336
35017716
35017690
35017676
35017512
35017238
35016901
35016898
35016199
35016198
35016197
35016195
35016194
35014605
35014556
35014227
35014184
35013235
35013189
35013100
35012962
35012694
35012356
35011492
35010372
35010296
35008982
35008446
35007846
35007553
35007466
35007072
35006430
35006245
35006063
35005601
35005526
35005525
35004764
35004593
35004585
35004075
35003825
35003529
35003058
35002711
35002532
35002178
35002014
35001836
35001602
35001600
35001392
35000879
35000597
35000308
35000189
35000058
35000004
34999740
34999288
34999210
34998903
34998467
34998405
34998241
34997962
34997957
34997794
34997606
34997587
34997207
34996339
34995958
34995838
34995811
34995777
34995482
34994793
34994776
34994455
34994185
34994081
34993170
34992214
34992085
34991778
34991753
34991723
34991443
34990810
34990799
34990767
34990653
34990583
34990570
34990513
34990343
34990337
34989664
34989654
34989403
34989238
34988998
34988259
34988250
34988113
34988054
34987854
34987795
34987776
34987630
34987509
34987505
34987150
34987123
34986485
34986328
34986294
34986169
34985993
34985985
34985974
34985330
34985323
34985303
34983951
34983677
34983583
34983331
34982968
34982967
34982766
34982509
34982466
34982465
34982406
34982246
34981682
34981371
34981320
34980786
34980623
34979547
34979405
34979239
34979030
34978707
34978621
34978339
34978091
34977991
34977869
34977848
34977829
34977828
34977602
34977531
34977529
34977225
34976974
34976916
34976878
34976868
34976008
34975921
34975897
34975266
34975177
34975092
34974274
34974199
34973463
34973454
34973394
34973165
34972825
34972812
34971839
34971823
34971573
34971088
34970567
34970562
34970509
34970254
34969959
34969951
34969678
34969543
34969393
34969209
34968879
34968787
34968782
34968527
34968415
34968376
34968374
34968373
34967936
34967699
34967453
34966754
34966750
34966387
34965382
34965365
34965346
34964565
34964506
34964500
34964490
34964428
34963505
34963494
34963231
34963131
34963097
34963008
34962926
34962738
34962710
34962656
34962625
34962614
34962592
34962505
34962130
34962117
34962079
34961854
34961844
34961829
34961403
34960817
34960814
34960813
34960806
34960795
34960762
34960755
34960743
34960708
34960703
34960695
34960694
34960674
34960660
34960655
34960623
34960612
34960255
34960235
34960208
34960207
34960205
34960189
34960183
34960181
34960170
34960165
34960156
34960155
34960145
34960133
34960131
34960123
34959865
34959672
34959541
34959455
34959400
34959116
34959053
34958967
34958929
34958917
34958284
34958232
34958184
34958181
34958142
34957469
34957408
34957381
34957380
34957347
34957154
34957143
34956820
34956588
34956222
34956212
34956193
34956160
34955621
34955583
34955064
34954969
34954792
34954396
34954213
34954184
34953901
34953609
34953607
34953513
34953025
34952969
34952932
34952247
34951850
34951746
34951568
34951565
34950947
34950880
34950151
34949742
34949600
34949249
34948782
34948512
34948342
34947999
34947989
34946223
34946210
34946199
34946187
34946179
34945725
34945159
34944683
34944639
34943523
34943453
34943225
34943191
34942634
34942543
34942445
34942376
34942201
34942104
34942103
34942101
34942096
34942067
34942066
34942015
34941928
34941449
34941409
34941114
34941024
34940992
34940978
34940869
34940864
34940684
34940505
34940401
34939798
34939691
34939673
34939505
34939436
34939040
34938933
34937928
34937771
34937770
34937699
34937575
34937492
34937174
34937110
34937050
34936675
34936477
34936120
34936106
34935861
34935594
34935362
34935038
34934643
34934520
34934519
34934518
34934478
34934152
34934069
34933948
34933883
34933765
34933641
34933373
34933126
34932931
34932746
34932589
34932561
34932453
34932278
34931939
34931886
34931581
34931500
34931334
34931174
34931086
34930910
34930824
34930655
34930336
34929493
34929375
34929360
34929158
34929014
34928757
34928700
34928375
34928340
34928191
34927793
34927665
34927605
34927365
34927270
34927258
34927119
34927113
34927108
34926968
34926392
34926119
34925875
34925381
34925297
34924897
34924802
34924640
34924621
34924490
34924297
34923762
34923570
34923396
34923286
34923232
34923158
34922921
34922789
34922352
34922338
34922006
34921776
34921354
34921130
34920649
34920267
34920180
34920122
34920116
34919820
34919799
34919268
34918673
34918097
34917580
34917076
34916811
34916668
34916602
34916516
34916504
34916212
34915977
34915975
34915597
34915551
34915422
34915409
34915400
34915268
34915215
34915086
34915073
34914928
34914825
34914711
34914688
34914685
34914672
34914670
34914204
34914120
34914115
34914051
34914049
34914040
34914036
34913593
34913355
34913347
34912731
34912372
34912330
34911691
34911611
34911366
34911171
34911167
34910927
34910864
34910859
34910857
34910734
34910373
34909869
34909757
34909755
34909708
34909634
34909610
34909301
34909278
34909175
34909068
34909059
34908882
34908852
34908443
34907682
34907208
34907206
34907182
34907154
34907114
34907107
34906898
34906769
34906667
34906290
34906289
34905671
34905659
34905598
34905574
34905467
34905235
34905108
34905077
34904921
34904736
34904526
34904253
34903837
34903722
34903718
34903545
34903372
34903002
34902803
34902788
34902630
34902584
34901896
34901894
34901830
34901826
34901783
34901515
34901253
34901085
34900602
34899977
34899762
34899692
34899043
34899034
34898980
34898481
34898381
34898148
34898050
34897891
34897752
34897035
34896886
34896696
34896627
34896524
34896511
34896358
34896326
34896199
34896098
34895944
34895912
34895889
34895554
34895069
34894991
34894625
34893824
34893344
34893341
34891763
34891165
34890559
34890524
34890492
34890095
34889978
34889942
34889898
34889894
34889154
34888894
34888688
34888662
34888570
34888566
34888394
34888260
34887618
34887342
34887065
34886945
34886943
34886542
34886068
34885194
34884414
34883668
34883068
34882757
34882569
34881982
34881357
34881214
34881093
34880867
34880707
34880635
34880490
34880295
34880128
34879865
34879193
34879190
34878349
34878296
34877818
34877674
34877405
34877393
34877244
34876769
34876702
34876606
34876524
34876520
34876517
34876242
34876033
34875004
34874981
34874638
34874007
34873656
34873592
34873279
34872349
34871960
34871906
34871776
34871545
34871297
34871181
34871157
34870691
34870630
34870322
34870250
34870160
34870159
34870134
34870090
34869963
34869934
34869681
34869209
34869069
34868833
34868787
34868741
34868082
34868052
34868003
34867975
34867841
34867825
34866979
34866811
34866808
34866806
34866732
34866635
34866576
34865617
34865476
34865166
34865053
34865022
34864955
34864935
34864907
34863925
34863825
34863783
34863056
34862628
34862624
34862485
34862406
34862373
34862184
34862182
34861580
34861167
34860546
34860474
34860154
34859856
34859706
34859134
34858480
34858440
34858430
34858404
34858396
34858116
34857946
34857677
34857582
34857462
34856868
34856855
34856819
34856802
34856799
34856435
34856115
34856111
34855963
34855961
34855916
34855904
34855795
34855510
34855503
34854887
34854728
34854726
34854653
34854624
34854435
34853815
34853742
34853681
34853448
34853368
34853144
34852879
34852455
34852130
34852093
34851677
34851262
34851231
34851166
34851163
34851162
34850817
34850421
34850335
34850049
34849505
34849504
34849500
34849494
34849439
34849327
34848871
34848826
34848718
34848711
34848495
34848426
34848355
34848213
34847569
34846601
34846283
34846280
34846168
34845827
34845731
34845387
34845380
34845301
34845231
34845195
34845185
34845008
34844820
34844145
34843993
34843956
34843712
34843448
34843180
34842604
34842496
34842046
34841474
34841388
34841355
34841244
34841222
34841210
34841119
34841034
34840969
34840924
34840730
34839992
34839879
34839413
34839267
34839261
34838536
34838321
34838221
34838184
34838183
34838159
34837837
34837491
34837166
34837161
34837054
34837008
34836984
34836955
34836774
34836485
34835935
34835495
34835456
34835288
34835285
34835268
34835248
34835238
34835230
34835217
34835116
34835101
34835096
34835069
34835044
34835033
34834991
34834987
34834984
34834983
34834967
34834948
34834934
34834915
34834519
34834437
34834309
34833991
34833407
34833135
34833100
34832669
34832622
34832619
34831176
34830291
34829998
34829954
34829919
34829784
34829666
34829439
34828612
34828606
34828542
34828540
34828448
34828410
34828210
34826623
34826473
34826383
34826382
34826381
34826380
34825717
34825347
34824596
34824381
34824310
34823256
34822912
34822776
34821609
34821555
34821383
34821173
34820854
34820612
34819514
34819443
34819293
34818890
34818667
34818345
34818335
34818318
34818119
34817727
34817309
34817268
34817226
34817217
34817214
34817208
34817202
34817198
34817197
34816936
34816493
34815624
34815511
34815117
34814920
34814729
34814611
34814609
34814368
34814363
34814284
34814158
34814034
34813878
34812944
34812845
34812651
34812432
34812429
34812411
34812344
34812143
34811761
34811704
34811350
34810000
34809617
34809492
34808658
34808395
34808243
34808082
34807992
34807954
34807849
34807815
34807755
34807716
34807265
34806722
34806440
34806057
34806056
34806033
34805783
34805715
34805533
34805071
34804906
34804904
34804631
34804435
34804382
34804378
34804024
34804022
34803770
34803455
34803454
34803444
34803443
34803439
34803364
34803247
34801754
34800902
34800714
34800688
34800579
34800471
34799675
34799659
34799557
34798321
34798263
34798238
34798093
34797618
34797451
34796779
34796716
34796710
34796525
34796276
34796036
34795516
34795299
34794777
34794434
34794169
34793991
34793741
34793690
34793508
34793437
34793417
34793414
34793320
34793280
34793155
34792762
34792434
34792325
34792136
34791556
34791108
34790972
34790858
34790342
34790191
34789293
34789193
34789161
34789087
34788739
34788642
34788600
34788497
34787499
34787497
34787494
34787487
34787439
34787345
34787261
34786740
34786733
34786352
34786315
34786167
34786037
34785820
34785663
34785628
34784776
34783635
34783536
34783348
34782989
34782609
34782159
34781748
34781739
34781736
34780969
34780883
34780850
34780495
34780358
34780121
34780057
34779632
34779518
34779496
34779073
34778856
34778854
34778853
34778846
34778773
34778744
34778174
34778173
34778171
34777596
34777556
34777554
34777552
34776011
34775740
34775532
34775397
34775144
34775142
34774792
34774774
34774603
34774590
34774517
34774005
34773904
34773807
34773397
34772941
34772689
34772636
34772510
34772509
34770715
34769731
34769722
34769299
34767909
34767789
34767537
34766880
34766651
34766319
34766152
34766005
34765363
34765306
34764961
34764708
34764580
34764489
34764391
34764315
34764194
34763751
34763690
34763275
34763205
34763050
34762975
34762851
34761549
34761442
34761257
34760923
34760721
34760717
34760404
34760282
34760104
34759999
34759959
34759271
34759074
34758492
34758478
34758423
34758415
34758391
34758250
34758249
34758248
34758247
34757971
34757863
34757834
34757638
34757622
34757384
34757201
34757200
34757006
34756967
34756912
34756892
34756688
34756187
34756186
34756184
34756089
34756082
34756072
34755939
34755833
34755818
34755518
34755408
34755213
34755035
34754982
34754251
34753918
34753092
34753073
34753027
34752865
34751829
34751775
34751595
34751522
34751285
34750819
34750472
34750399
34750362
34750205
34750014
34749921
34749573
34749524
34749474
34749207
34748991
34748815
34748629
34748603
34748557
34748093
34746912
34746904
34746899
34746725
34746689
34746365
34746286
34746028
34745450
34745440
34745235
34745097
34745094
34744053
34743927
34743903
34743764
34742974
34742926
34742575
34741908
34741565
34741178
34741170
34741168
34741079
34741049
34740997
34740719
34740527
34739906
34739862
34739748
34739558
34739549
34739462
34739037
34738646
34738514
34738231
34738157
34738021
34737915
34737587
34737427
34737357
34737266
34737245
34737005
34736533
34735950
34735911
34735795
34735575
34735434
34735426
34735219
34734975
34734665
34734268
34734196
34733263
34732835
34732694
34732583
34732388
34732275
34732270
34731931
34731648
34731554
34731465
34731254
34731234
34731022
34730486
34730387
34730247
34730224
34729548
34729496
34729465
34729360
34728983
34728831
34728830
34728796
34728625
34727334
34726786
34726743
34726700
34726481
34726007
34725568
34725366
34725327
34725257
34724985
34724885
34724828
34724810
34724668
34724038
34723224
34723159
34723156
34722734
34722330
34722067
34721966
34721349
34721055
34720581
34720491
34720443
34720051
34719811
34718731
34718705
34718468
34718226
34718203
34718131
34717829
34717713
34717546
34717527
34717322
34717054
34716845
34716706
34716678
34716452
34716391
34716263
34716240
34716096
34715410
34715347
34715314
34715018
34714886
34713799
34713463
34713175
34713129
34712904
34712037
34711846
34711815
34711813
34710076
34710058
34708686
34708685
34708684
34708683
34708057
34707899
34707681
34707647
34707636
34707602
34707317
34707167
34707161
34706860
34706787
34706271
34706170
34706153
34705477
34705425
34705052
34704808
34704780
34704423
34704394
34703817
34703690
34703639
34703243
34702903
34702899
34702738
34700382
34700073
34700068
34699776
34699266
34698547
34698508
34698504
34698407
34698149
34697980
34697603
34697413
34697298
34696806
34696534
34696527
34696495
34696460
34696458
34696444
34696443
34696441
34696440
34696404
34696403
34696352
34696342
34696338
34696329
34696315
34696306
34696303
34696276
34696249
34696238
34696232
34696223
34696219
34696201
34696175
34696160
34695851
34695600
34695479
34695371
34695186
34694964
34694705
34694373
34694362
34694358
34694037
34693968
34693724
34693567
34693387
34692848
34692451
34692252
34692233
34691078
34691002
34690413
34689578
34689348
34689086
34688738
34688639
34688434
34688376
34688034
34687845
34687585
34687302
34687279
34686943
34685386
34684780
34684755
34684220
34684211
34683878
34683863
34683488
34683466
34683417
34682477
34682358
34681885
34681279
34681272
34681236
34681204
34680431
34680420
34680128
34679552
34679517
34679513
34679489
34678613
34678315
34678309
34678071
34676891
34676529
34676099
34676089
34675344
34675038
34674333
34674297
34674158
34673836
34673755
34673751
34673571
34673335
34672705
34672695
34672373
34672185
34672129
34672117
34672091
34672086
34671250
34671153
34671049
34671047
34671037
34670266
34670265
34670038
34670036
34669468
34669105
34668780
34668774
34668773
34668746
34668728
34668534
34667443
34667147
34666622
34666378
34666193
34665241
34665073
34665013
34664004
34663909
34663385
34663091
34662705
34662434
34662402
34662052
34661183
34661088
34660995
34660919
34660520
34660217
34660044
34659872
34659798
34659426
34659268
34659259
34659239
34658477
34658235
34657656
34657152
34656702
34656379
34655949
34655918
34655896
34655895
34655852
34655519
34655457
34654917
34654808
34654739
34653544
34653312
34653016
34652831
34651643
34651577
34651569
34651342
34651164
34651048
34650566
34650248
34650153
34650130
34650089
34649620
34649268
34649115
34649114
34649113
34648735
34648642
34648356
34648303
34648302
34648291
34648284
34647971
34647691
34647634
34647629
34647601
34646292
34646276
34645933
34645784
34645374
34645354
34644535
34644457
34644393
34644391
34644287
34643720
34643704
34643562
34643438
34643437
34642924
34642685
34642656
34642637
34642605
34642604
34642465
34642201
34642088
34640901
34639178
34638897
34638545
34637888
34637557
34637549
34637281
34636722
34635934
34635807
34635805
34635631
34635473
34635175
34635085
34634951
34634931
34634929
34634927
34634900
34634797
34634791
34634634
34634289
34634204
34634066
34633939
34633892
34633100
34632431
34632242
34632166
34632160
34632034
34631915
34631759
34630764
34630748
34630625
34630436
34630430
34630410
34630379
34630373
34630356
34628158
34628049
34628023
34627988
34627228
34626674
34626592
34625409
34625101
34624681
34624675
34624194
34624095
34623953
34623741
34622961
34622759
34621504
34620923
34620866
34620860
34620797
34620689
34620109
34619763
34619745
34619630
34619611
34619382
34619098
34619077
34618895
34618801
34618799
34618693
34618665
34617885
34617785
34617608
34616728
34616371
34616368
34615860
34615730
34614412
34614392
34614387
34614327
34613565
34613523
34613401
34612693
34612692
34612005
34611629
34611501
34611365
34611073
34610919
34610918
34610391
34610292
34610291
34610047
34609488
34609237
34609003
34608862
34608598
34608454
34608449
34607939
34607791
34607456
34607452
34607231
34607084
34606831
34606615
34605223
34604986
34604978
34604926
34604721
34604541
34604494
34604373
34603376
34603303
34603246
34602923
34602605
34602531
34602003
34601723
34601675
34601263
34601145
34599871
34599870
34599175
34599091
34598660
34598427
34597533
34597526
34597346
34597274
34596904
34596257
34596249
34596212
34596095
34596017
34596015
34595399
34595245
34595038
34594978
34594977
34594961
34594942
34594941
34594931
34594930
34594912
34594900
34594896
34594892
34594853
34594844
34594042
34593807
34593555
34593505
34593004
34592838
34592748
34592747
34592439
34592170
34591666
34591660
34589610
34588689
34588460
34588322
34588290
34588095
34587819
34587383
34587212
34586857
34586649
34586068
34586056
34585942
34585882
34585430
34585064
34584299
34583739
34583340
34583103
34583089
34582981
34582457
34582289
34581669
34581563
34580856
34580665
34580494
34580386
34580306
34580279
34580015
34580004
34579761
34579572
34579229
34579207
34578456
34578452
34578398
34578387
34578384
34578382
34578363
34578354
34578348
34578345
34578341
34578324
34578275
34578269
34578254
34578250
34578161
34578142
34577814
34576862
34576839
34576690
34575842
34575659
34575474
34575388
34575070
34575045
34574724
34574076
34574073
34573877
34573410
34572701
34572349
34572329
34572043
34571756
34571275
34571123
34570905
34570776
34570694
34570692
34570497
34569939
34569016
34568853
34568761
34568087
34567593
34567010
34567006
34566990
34566457
34566260
34566244
34566229
34565928
34565697
34565476
34564690
34563884
34563867
34563707
34563540
34563486
34563102
34562851
34562844
34562770
34562480
34562399
34562232
34561887
34561414
34561086
34560365
34560289
34559791
34559045
34558627
34558044
34557868
34557558
34557504
34557471
34557376
34557346
34556343
34556337
34556029
34555986
34555429
34555339
34555009
34554826
34554412
34553751
34553696
34553353
34553217
34553216
34552949
34552915
34552191
34552110
34552095
34552091
34551812
34551245
34551070
34551020
34550811
34550806
34550770
34550753
34550544
34549975
34549275
34548992
34548928
34548877
34548835
34548768
34548634
34548486
34548133
34547822
34547629
34547496
34547465
34547362
34547223
34546709
34546094
34546012
34545805
34545803
34545719
34545322
34545316
34545191
34545074
34545062
34545040
34544733
34544278
34544114
34544043
34543625
34543154
34543092
34542826
34542740
34542699
34542623
34541994
34541573
34541483
34541481
34541432
34541298
34540874
34540240
34540237
34539673
34539649
34539645
34538732
34538699
34538679
34538222
34537363
34537361
34537321
34537245
34537136
34536875
34536797
34536493
34536067
34535792
34535691
34535662
34535539
34535155
34534904
34534732
34534459
34534444
34534408
34534263
34534259
34533453
34533442
34533304
34533119
34532764
34532570
34532067
34531865
34531555
34531412
34531181
34530919
34530915
34530861
34530086
34530046
34529957
34529736
34529645
34529642
34529637
34529636
34529436
34529328
34528661
34528522
34528075
34527599
34527286
34527284
34527141
34526698
34525503
34525398
34525277
34525109
34524950
34524697
34524688
34524196
34523991
34523966
34522913
34522911
34522886
34522791
34522538
34522191
34522158
34521552
34520648
34520542
34519816
34519815
34519774
34519517
34518816
34518808
34518554
34518528
34516917
34516540
34516024
34515998
34515914
34515227
34514750
34514519
34514483
34514463
34514454
34514439
34514180
34514086
34514076
34513586
34513478
34513435
34513115
34512963
34512959
34512818
34512723
34512635
34512561
34511939
34511591
34510730
34510542
34510494
34510329
34510268
34510156
34509927
34508827
34508662
34508515
34508506
34508476
34507870
34507232
34507135
34506741
34506640
34506501
34506444
34504684
34504603
34504335
34504054
34502702
34502139
34502041
34501718
34501647
34499854
34499732
34499677
34499652
34499631
34499628
34499627
34499599
34499364
34499356
34499333
34497604
34497376
34497366
34497354
34496408
34496033
34495817
34495810
34495709
34495700
34495697
34495377
34495154
34494617
34494181
34494077
34494070
34494014
34493993
34493992
34493973
34493963
34493710
34493582
34492082
34491988
34491572
34491353
34491043
34490778
34490733
34490732
34490316
34490059
34489863
34489706
34489240
34488546
34488225
34488035
34487793
34487704
34487522
34486798
34486072
34485950
34485259
34485255
34485226
34485054
34484868
34484239
34484190
34483599
34483336
34483067
34483033
34482101
34481701
34481700
34481699
34481543
34481505
34481060
34480575
34480123
34480062
34479825
34479820
34479735
34478750
34478710
34478452
34477236
34477054
34474059
34473769
34473693
34473687
34473683
34473681
34473613
34473593
34473343
34472974
34472557
34472347
34472141
34471930
34471122
34470963
34470866
34470744
34470741
34470685
34470674
34469363
34468990
34468954
34468193
34468141
34467990
34467932
34467100
34466800
34466389
34465913
34465887
34465306
34465019
34464903
34464610
34464596
34464491
34464419
34463697
34463240
34463219
34462501
34462499
34461999
34461941
34461056
34461055
34461036
34460902
34460415
34460119
34460115
34458880
34458642
34458391
34456604
34456557
34456212
34455767
34455390
34455029
34455018
34454775
34454652
34454610
34453338
34453317
34453095
34452533
34452531
34452529
34452511
34452507
34452482
34452464
34452443
34452363
34452356
34452287
34452063
34452062
34452047
34452043
34452040
34452039
34452035
34452010
34451994
34451975
34451962
34451952
34451931
34451505
34451494
34451453
34451410
34450642
34449757
34449715
34449622
34449057
34448987
34448936
34448865
34447646
34447577
34446720
34446714
34446125
34446011
34445789
34445700
34445414
34445368
34445310
34445204
34444960
34442823
34442817
34442810
34442775
34442750
34442686
34442020
34441844
34441002
34440765
34440478
34440163
34440107
34439910
34439781
34438144
34437831
34437657
34437525
34437524
34437521
34437519
34437517
34436245
34436052
34435953
34435337
34434902
34433900
34433803
34433754
34433506
34433426
34432488
34432478
34431816
34431691
34431185
34430954
34430866
34430803
34429623
34429582
34429257
34428777
34428473
34428371
34428080
34427652
34427640
34427448
34426956
34426713
34426672
34426120
34426024
34425707
34425415
34425281
34424945
34424943
34424256
34423970
34423834
34423763
34423327
34423145
34422549
34420786
34419925
34419559
34419470
34419084
34417590
34417462
34417349
34417219
34417194
34417165
34417121
34416777
34416512
34416198
34416193
34415583
34415422
34415335
34414910
34414884
34414360
34414185
34414146
34413221
34413140
34413059
34412784
34412683
34412446
34411976
34411135
34410361
34409999
34409452
34409122
34409086
34409009
34408875
34408130
34408076
34407341
34406867
34406361
34406356
34405683
34405126
34405043
34404805
34404775
34404471
34404118
34404018
34403832
34402744
34402498
34402479
34402426
34401863
34401689
34400835
34400220
34400116
34400021
34399825
34399368
34399188
34399091
34398244
34397216
34396940
34396395
34396391
34396040
34395957
34395643
34395464
34394785
34394713
34394127
34394051
34393647
34393218
34392271
34392147
34392145
34391673
34391590
34391547
34391446
34391096
34391088
34391087
34391075
34390857
34390756
34389814
34389625
34389034
34388532
34388530
34388463
34388398
34388358
34388333
34388240
34387990
34387645
34387545
34386940
34386791
34386740
34386249
34386018
34385690
34385423
34385356
34385165
34384825
34384810
34384783
34384736
34383734
34383732
34383706
34383043
34382508
34381846
34381460
34381116
34381030
34379666
34379620
34379531
34379527
34379509
34378968
34378966
34378949
34378637
34378553
34378348
34378108
34377760
34377731
34376870
34376569
34375715
34375308
34375000
34374951
34374758
34374354
34373640
34373623
34373516
34373458
34373255
34373192
34373041
34372616
34372585
34372565
34372553
34372527
34372500
34372230
34371414
34371077
34370705
34370408
34370324
34369565
34369221
34368797
34368739
34368065
34367930
34367893
34367354
34367187
34367128
34366689
34366533
34366492
34365784
34365665
34365278
34365113
34364949
34364404
34363852
34363850
34363849
34363772
34363189
34362897
34362872
34362739
34362666
34362430
34362060
34361977
34361951
34360183
34360092
34360046
34359926
34359323
34359312
34358310
34358292
34358195
34358173
34358151
34358019
34357528
34357135
34356872
34356644
34356617
34356384
34356086
34356077
34356057
34355676
34354952
34354202
34353696
34353390
34353385
34353002
34352457
34352454
34352360
34352197
34352148
34352039
34351895
34351882
34351878
34351228
34351227
34350810
34347959
34346755
34346753
34346744
34346361
34346163
34345876
34345019
34344900
34344586
34344318
34343450
34343316
34343259
34343152
34341593
34341358
34340537
34339772
34339484
34339474
34339171
34339073
34338591
34337584
34337269
34337140
34336227
34336146
34335974
34335530
34335010
34334951
34334867
34333122
34333010
34332998
34332650
34332377
34331873
34331847
34331459
34330450
34330154
34329818
34329674
34329672
34329642
34328324
34328076
34328074
34327118
34326317
34326308
34325779
34325753
34325124
34324939
34324908
34324480
34323811
34323691
34323345
34322866
34322559
34322129
34322120
34321116
34320912
34320409
34320390
34320281
34320263
34319802
34319133
34319130
34319126
34316588
34316508
34316461
34316153
34315862
34315848
34315360
34314772
34314723
34314050
34314048
34313527
34312573
34312390
34312140
34311990
34311684
34311587
34311586
34311574
34309648
34309055
34308400
34308302
34308277
34308111
34308002
34307953
34307830
34307017
34307006
34306988
34305903
34305860
34305826
34305429
34305323
34305174
34304693
34304682
34304048
34304047
34303849
34303698
34303694
34303688
34302700
34302492
34302458
34302047
34301854
34301275
34300029
34299045
34298379
34298174
34297786
34296992
34296754
34295528
34293587
34293476
34293319
34292871
34292870
34292599
34292071
34291118
34290893
34290504
34290423
34289851
34289779
34289385
34289384
34289344
34289335
34289274
34289270
34289053
34288921
34288729
34288707
34287813
34287620
34287344
34287109
34287040
34287031
34287009
34286893
34286673
34286481
34285930
34285198
34285195
34285133
34284878
34284875
34284531
34284226
34282982
34281582
34281387
34280951
34280332
34280196
34279520
34278967
34278613
34278372
34278371
34278284
34278277
34277701
34277384
34277208
34277027
34276587
34276268
34276267
34276262
34276115
34274941
34274478
34274361
34274029
34273991
34273961
34273860
34273859
34273592
34273437
34273397
34272947
34272531
34272530
34272449
34272255
34271989
34271432
34271264
34271202
34270919
34270613
34270608
34270523
34270232
34270181
34269344
34269174
34267839
34267764
34267735
34267043
34265628
34265494
34265359
34265281
34265245
34265238
34265150
34265018
34264910
34264519
34264104
34264100
34263025
34262921
34262158
34261746
34260717
34260272
34260218
34260088
34259660
34259195
34258829
34258664
34258603
34258590
34258267
34258235
34257311
34257144
34256532
34256352
34256351
34256141
34255352
34254925
34254040
34253551
34253247
34253053
34252919
34252782
34252764
34252616
34252365
34251655
34251356
34250513
34250323
34249902
34249864
34249605
34249017
34248993
34248922
34248311
34248290
34248243
34248221
34246830
34246735
34246326
34246301
34245731
34245452
34245277
34244768
34244723
34244681
34244522
34244421
34243905
34242876
34242768
34242582
34242578
34242153
34241906
34241897
34241776
34240699
34240695
34240429
34240259
34240103
34239107
34238992
34238357
34237773
34237648
34237342
34237284
34237283
34237248
34236290
34236224
34234758
34234394
34234167
34234098
34234059
34233952
34233783
34233096
34232998
34231823
34231315
34231255
34230972
34230917
34230877
34230796
34230209
34230086
34228902
34228761
34228725
34228597
34228411
34227468
34227076
34226895
34226893
34225487
34225084
34224783
34224205
34224110
34224022
34223909
34223589
34223400
34222607
34222571
34221823
34220870
34220844
34220784
34219999
34219126
34218862
34218651
34217989
34217923
34217752
34216472
34215924
34214467
34214046
34213849
34212838
34212511
34211709
34211506
34211491
34211469
34210996
34210994
34210893
34210892
34210738
34210573
34210368
34210336
34209828
34209634
34209484
34208912
34208755
34208191
34208061
34207490
34207378
34206990
34206865
34206727
34206507
34206453
34205613
34204918
34204754
34204305
34203982
34203844
34203643
34202464
34202276
34202172
34202107
34201767
34201088
34201032
34200951
34200538
34200386
34200036
34199937
34199663
34199617
34199488
34198852
34198800
34198622
34198454
34198322
34198050
34197931
34197884
34197767
34197556
34197265
34197207
34193999
34193869
34193749
34193667
34193597
34193373
34193364
34192737
34192736
34192529
34192518
34192426
34192260
34192225
34192201
34191932
34191753
34191617
34191369
34190735
34190583
34189878
34189443
34188776
34188432
34188167
34186490
34186245
34185632
34185327
34184708
34183681
34183244
34183221
34182784
34182775
34182569
34182300
34182299
34182162
34182038
34180374
34180347
34179862
34179744
34179666
34179542
34179075
34178542
34177193
34176695
34176436
34176397
34176202
34176080
34175388
34175236
34174992
34174479
34171548
34171342
34171266
34171234
34171232
34171231
34170629
34170624
34170525
34170074
34169495
34169381
34168915
34168071
34168070
34168036
34166886
34166623
34166617
34166484
34166232
34165323
34165056
34163530
34163035
34162970
34162869
34162440
34161961
34161776
34161556
34161386
34161223
34161189
34161095
34161052
34160788
34160124
34159627
34159203
34158664
34156980
34156699
34155970
34155559
34155521
34155481
34154997
34154921
34154679
34153975
34153974
34153515
34153291
34152970
34150833
34150793
34150351
34149735
34149339
34149046
34147856
34147855
34147667
34146731
34146689
34146596
34145550
34142672
34142670
34142653
34142560
34142531
34141447
34140558
34140522
34140500
34140350
34139222
34139177
34138559
34138474
34137815
34137703
34137014
34136461
34135261
34134317
34134134
34134034
34133199
34133128
34132451
34131555
34130987
34129831
34128696
34128653
34127854
34127760
34127650
34127186
34126625
34126543
34125658
34124899
34124706
34124702
34123997
34123874
34123704
34123321
34121637
34121378
34121111
34120579
34120577
34119826
34119708
34119350
34117878
34117216
34117206
34117202
34116915
34116863
34116286
34115965
34114541
34114269
34113249
34112629
34111888
34111408
34111060
34110159
34109885
34109031
34109017
34108737
34108727
34108716
34108702
34108654
34108440
34107917
34107889
34107529
34107199
34107016
34106569
34106048
34105996
34105720
34105594
34105286
34104863
34104292
34103407
34103090
34103074
34102147
34102098
34099945
34099556
34099457
34099051
34099015
34098568
34098567
34098237
34098099
34098048
34097716
34097570
34097433
34097003
34095513
34095334
34095209
34094819
34093724
34093548
34092964
34092228
34092181
34091665
34090624
34090610
34090468
34090392
34089805
34089757
34089534
34089348
34089082
34088699
34088473
34088418
34088268
34087220
34087172
34086878
34086827
34085928
34085181
34085038
34084685
34084609
34083807
34082438
34082137
34081820
34081630
34081593
34080537
34079122
34078893
34077666
34077642
34077641
34077640
34077341
34076402
34075603
34075330
34075270
34075247
34075234
34075212
34074219
34073716
34073577
34073493
34073177
34072569
34072181
34072088
34072058
34071984
34071309
34070359
34070341
34070140
34070055
34069852
34069453
34068858
34068824
34068686
34067937
34067890
34067881
34067745
34067349
34067272
34066998
34066932
34066781
34066729
34066389
34066231
34066205
34065987
34065832
34065789
34065289
34064904
34064726
34064613
34064143
34063562
34063315
34062874
34062737
34062392
34062097
34061844
34061781
34061775
34061377
34061288
34060379
34060334
34060079
34059617
34059562
34058486
34058304
34058265
34058015
34057039
34056627
34056571
34055887
34054808
34054176
34051887
34051873
34051840
34051382
34050837
34050731
34050372
34050346
34049688
34049515
34049240
34049205
34048568
34047679
34047274
34045737
34044428
34044192
34044153
34044152
34043841
34043740
34043676
34043590
34043385
34043002
34042868
34042476
34042471
34041932
34041482
34041050
34040046
34039569
34039497
34038453
34038423
34037640
34037430
34037382
34035952
34035555
34035535
34035301
34035154
34035118
34035039
34035010
34035005
34035001
34034784
34034769
34034121
34033926
34033854
34033834
34033650
34033342
34032852
34031695
34031583
34031561
34030945
34030593
34029990
34029710
34029627
34027499
34027498
34027315
34026905
34026780
34024981
34024246
34024159
34024041
34023862
34023401
34022227
34022148
34022142
34021265
34020965
34019004
34018969
34018481
34018314
34018094
34017166
34016740
34016644
34016096
34016042
34015930
34015823
34015535
34015363
34015271
34015243
34013402
34013310
34012431
34012360
34012337
34012108
34011679
34011523
34010142
34009774
34009266
34008857
34007807
34007076
34006961
34006662
34006597
34004375
34004284
34002405
34002240
34002089
34002079
34002013
34001855
34001520
34001501
34001248
33999317
33999091
33997827
33997791
33997602
33993274
33993228
33993046
33992693
33992685
33991677
33991511
33991487
33990970
33990783
33989898
33989776
33989546
33988185
33988184
33987283
33986504
33986354
33986286
33986272
33985964
33985433
33985343
33984489
33984393
33984099
33983915
33983379
33982646
33981715
33979495
33979486
33979391
33977858
33977694
33976559
33976409
33975656
33975397
33975021
33975005
33973833
33973262
33972994
33972817
33972765
33972366
33971664
33971318
33971305
33971264
33970826
33969672
33969504
33969357
33969337
33968142
33967409
33966960
33966626
33965698
33965454
33965428
33964736
33964222
33963867
33963317
33963055
33962965
33961878
33961632
33961545
33961334
33960807
33960291
33958417
33957162
33956645
33955629
33955193
33952657
33952598
33952596
33952579
33952439
33951374
33951359
33951357
33951211
33951208
33950586
33950546
33950236
33949647
33949644
33949300
33948955
33947773
33947087
33946747
33946037
33945938
33945284
33944760
33942847
33942804
33942030
33941621
33940483
33939483
33938416
33937735
33937725
33937569
33937168
33937119
33935376
33934744
33934387
33933634
33933529
33932525
33932451
33932449
33932317
33932192
33931941
33931567
33931105
33930764
33930563
33930544
33930298
33929934
33928885
33928745
33928623
33927376
33926459
33925854
33925069
33924778
33924636
33924631
33924395
33923909
33923271
33922936
33922914
33922613
33922257
33922084
33921938
33921886
33921689
33921216
33920999
33920487
33920179
33919314
33918332
33918060
33917138
33916927
33916747
33916492
33916205
33915337
33915216
33915212
33914787
33914735
33914724
33914720
33913101
33910996
33910569
33910211
33909850
33909009
33908352
33908339
33907666
33907518
33907511
33907509
33907312
33906967
33906636
33906227
33906110
33905892
33905891
33905481
33905309
33903779
33903167
33903136
33903110
33901708
33901423
33901167
33900725
33900399
33900195
33900193
33900177
33899042
33899035
33899031
33898925
33898520
33898209
33898075
33898040
33897246
33897238
33896796
33896413
33895775
33895700
33895472
33895457
33894127
33893880
33893398
33893337
33893175
33893169
33892621
33891875
33890986
33890572
33890568
33890566
33888533
33888505
33887223
33887208
33887205
33886690
33885726
33884727
33884270
33883984
33883466
33883027
33882225
33882219
33882066
33881861
33879585
33878460
33878449
33877845
33877041
33875973
33875867
33875658
33875208
33875001
33873199
33872970
33872774
33871567
33871331
33870202
33868743
33868239
33868218
33867900
33867863
33867575
33867526
33867235
33866136
33865897
33864052
33864048
33863729
33862126
33862077
33861950
33860748
33860605
33860219
33858945
33858934
33858933
33858931
33857895
33857576
33857454
33857453
33857422
33857407
33857406
33857136
33856143
33855976
33855951
33855651
33854230
33854226
33853971
33853970
33852911
33852580
33851954
33851875
33851434
33851216
33848173
33846704
33846689
33846611
33846513
33846012
33845193
33844172
33842902
33840875
33840632
33840038
33839737
33839270
33838999
33838929
33838280
33837630
33837182
33836314
33836204
33836142
33836020
33836016
33835768
33835177
33834772
33834021
33831372
33831133
33831079
33830982
33830171
33828291
33828280
33828231
33827042
33826819
33826816
33826815
33826681
33825619
33824883
33824725
33824139
33822878
33822773
33822770
33822491
33822064
33821254
33821249
33820739
33820581
33819476
33818797
33818000
33816549
33816347
33815467
33815459
33815415
33814400
33813274
33813118
33811605
33810465
33810456
33808934
33808687
33807915
33807592
33807556
33807081
33806104
33806013
33805832
33804957
33804556
33803400
33802857
33802729
33802215
33799985
33799505
33799334
33798758
33798499
33798497
33798491
33797392
33796496
33795856
33795722
33794143
33793189
33793006
33792947
33792750
33789998
33789940
33789086
33789085
33788923
33788636
33785527
33785459
33785291
33784237
33781945
33781871
33780970
33779565
33778788
33778617
33778462
33778258
33778182
33777298
33776179
33774178
33774075
33773105
33772577
33772259
33772244
33770833
33769683
33769311
33769253
33769251
33768966
33768964
33767730
33767447
33767445
33767222
33766944
33766902
33766897
33766711
33766552
33766545
33766078
33765410
33765408
33763697
33763088
33762707
33762578
33762432
33762057
33761416
33761326
33761203
33761008
33760807
33760727
33760072
33760030
33759445
33758785
33758527
33758205
33757984
33757938
33755704
33755190
33754328
33754139
33752797
33752765
33752217
33751609
33750742
33750629
33749496
33748697
33746183
33744490
33743891
33743213
33741993
33741959
33741830
33741335
33740028
33739917
33739374
33739254
33738989
33738507
33738124
33737495
33737481
33737154
33735608
33735271
33734013
33733740
33733568
33732254
33731936
33731327
33731300
33730597
33730461
33730015
33729423
33729332
33729154
33728680
33728416
33728228
33728223
33728118
33727331
33727252
33727212
33727176
33725432
33725430
33724631
33724604
33724312
33723535
33723532
33723454
33723453
33723411
33722935
33721882
33721697
33721548
33718878
33717355
33717166
33716838
33716085
33716040
33714601
33714028
33713594
33712061
33711543
33711289
33710662
33710610
33707476
33707329
33707257
33707254
33706862
33706626
33706364
33705994
33705729
33705702
33705368
33705367
33705364
33704818
33704069
33704002
33693926
33692377
33691216
33691145
33691139
33690862
33690265
33690207
33688457
33688063
33687984
33687922
33686365
33685741
33685621
33684923
33684558
33681536
33681535
33680474
33679631
33676968
33676232
33676141
33675655
33674876
33674807
33674179
33672333
33671631
33670182
33670023
33669132
33667465
33667349
33667185
33666649
33666147
33664494
33663928
33663644
33662799
33662101
33661905
33660619
33659153
33658599
33658326
33656515
33654292
33653892
33653708
33650967
33649539
33649511
33649495
33649442
33648934
33647239
33647034
33644275
33643982
33639175
33638484
33637820
33636719
33636110
33635912
33635184
33633321
33632858
33631222
33630927
33630825
33630820
33630482
33630167
33629236
33628442
33628235
33627862
33626040
33623833
33622975
33621484
33621214
33619920
33619393
33619331
33619064
33618765
33618008
33616867
33616739
33616257
33615041
33614100
33607290
33607284
33606828
33606702
33605875
33605869
33605421
33604654
33602693
33602511
33597251
33596363
33596239
33596219
33595922
33595856
33595720
33595644
33593674
33592317
33590936
33589885
33589648
33588235
33588026
33587268
33587028
33586620
33585502
33585048
33584115
33583326
33581803
33581746
33581526
33581054
33580783
33580259
33580217
33580167
33580132
33579701
33577896
33576823
33573283
33572725
33572480
33572190
33571675
33571446
33571363
33571356
33570490
33570181
33568452
33567791
33567580
33567448
33567247
33567246
33566091
33566076
33564646
33564056
33562476
33560940
33559328
33558825
33558746
33558724
33558635
33558493
33558299
33558207
33557330
33556653
33556628
33556147
33553784
33552403
33551236
33551188
33550034
33549714
33549572
33549181
33548839
33548358
33548198
33548053
33547435
33547430
33547426
33545711
33545556
33544733
33544680
33544010
33542764
33542501
33542445
33542420
33542115
33540596
33540576
33539765
33539725
33536258
33536081
33536070
33536004
33535519
33535105
33535027
33535007
33532709
33532652
33532521
33531709
33531353
33530099
33530084
33529260
33529230
33526471
33526412
33526352
33525651
33525415
33524589
33521687
33521676
33521675
33521641
33521384
33519469
33519325
33519271
33519131
33519005
33519004
33519003
33519002
33518995
33518877
33517510
33516955
33516247
33515772
33515713
33515256
33514888
33514629
33514508
33514504
33514423
33513449
33513380
33513137
33511840
33510489
33510004
33509933
33508515
33507235
33507218
33506970
33506951
33506644
33506252
33506114
33502950
33502471
33501730
33500874
33500568
33500422
33500262
33500251
33498701
33498225
33497837
33497556
33496249
33496089
33495307
33494667
33494661
33494406
33493650
33493496
33492524
33492484
33491822
33490718
33490695
33489438
33488611
33486141
33485462
33485437
33485405
33483321
33481336
33479725
33479534
33479532
33479399
33478625
33478621
33477901
33477885
33476327
33476315
33472860
33472093
33469239
33468702
33468686
33466921
33464914
33464543
33464535
33463113
33462092
33461215
33456056
33453462
33452513
33452508
33452303
33452205
33452010
33451917
33447664
33446327
33444702
33443088
33441437
33441410
33441314
33438249
33437053
33436577
33432247
33432212
33431842
33430521
33429831
33429394
33427208
33427136
33424856
33424118
33424020
33421056
33420154
33420048
33417905
33417835
33417829
33414350
33414160
33414147
33412760
33410308
33410223
33409635
33408342
33404586
33400131
33399033
33398234
33397841
33396801
33391888
33391880
33391794
33391281
33390836
33390179
33388272
33386849
33386398
33384355
33383088
33382968
33380513
33380494
33380328
33377359
33375616
33374797
33374416
33374168
33373782
33372181
33371892
33371050
33368396
33368386
33363234
33361120
33361116
33360272
33359911
33359807
33358483
33357513
33357464
33353972
33353372
33353101
33351354
33349849
33349165
33348379
33348368
33346830
33341502
33341209
33339536
33339153
33336251
33333471
33332358
33330542
33328453
33328153
33326798
33326716
33324210
33322557
33321326
33318860
33312066
33311634
33307546
33303307
33301685
33301543
33298935
33298875
33298612
33298598
33295677
33284795
33283188
33282265
33281479
33278516
33276717
33275900
33275263
33272568
33272175
33270653
33262797
33261844
33261718
33259879
33259846
33259091
33258903
33257936
33257540
33256384
33255989
33253058
33252670
33250897
33250494
33248470
33246355
33245895
33243994
33240967
33240681
33236284
33232663
33231642
33230496
33227636
33227046
33226744
33225958
33224735
33223148
33220921
33219167
33214455
33210743
33210447
33208827
33207152
33206635
33205724
33201914
33201886
33200094
33200080
33199022
33199021
33195397
33194467
33194341
33193132
33191178
33186810
33186762
33184236
33181329
33181224
33179220
33176202
33175551
33175170
33173860
33170902
33170289
33164753
33164230
33163102
33159417
33158717
33158051
33156486
33152198
33152019
33150116
33149541
33148469
33148439
33146121
33138699
33137303
33137190
33133166
33133145
33131453
33131182
33130382
33127862
33127745
33123498
33121776
33121615
33118859
33118705
33116761
33113474
33113345
33112236
33110678
33110413
33110114
33109270
33108902
33107316
33106671
33104993
33104267
33102628
33101356
33101264
33100263
33098645
33097094
33095513
33093202
33092637
33091548
33086697
33086379
33084449
33083914
33082624
33082451
33081458
33081241
33080267
33079969
33078221
33074036
33073982
33072873
33072849
33072699
33072117
33067385
33063674
33058970
33058797
33055254
33052496
33052312
33052164
33050463
33050264
33049387
33049069
33045776
33045727
33045721
33043635
33042201
33039765
33038922
33036202
33036180
33031602
33029559
33028676
33025652
33019829
33017040
33015641
33013929
33012962
33012953
33010706
33008459
33007476
33007327
33007039
33006900
33006059
33003465
33001431
32998157
32997893
32997488
32995140
32994673
32994342
32991842
32987828
32985963
32984911
32984664
32984567
32983025
32980462
32977355
32975843
32973665
32973152
32972995
32972761
32970329
32967693
32966269
32965173
32964802
32963028
32962157
32954666
32948978
32948946
32947089
32943587
32942955
32941788
32941419
32940797
32938937
32938700
32937868
32931703
32931441
32926779
32926684
32918943
32917799
32917283
32917282
32913137
32913057
32911778
32910955
32907596
32905045
32902339
32900338
32896832
32890913
32890908
32889496
32886840
32882331
32878881
32878468
32876803
32874016
32870979
32870641
32868447
32867305
32864162
32858978
32858233
32855289
32855259
32853842
32853638
32853525
32853453
32852403
32850499
32849425
32847856
32847031
32844124
32843824
32843049
32842957
32841605
32840686
32837710
32836710
32835700
32834628
32834559
32834110
32833435
32831104
32826334
32822564
32821661
32821033
32814791
32808273
32807857
32807752
32805023
32795227
32790406
32788269
32787225
32786692
32786401
32786273
32786258
32784241
32781672
32781484
32780783
32778421
32775989
32773643
32771700
32768580
32762099
32759818
32759577
32758873
32756820
32753554
32753553
32747830
32742035
32737861
32731275
32731257
32730807
32726007
32723797
32723359
32721529
32717416
32716059
32710986
32709055
32706371
32704530
32703906
32703421
32701194
32699345
32699095
32697970
32697968
32694143
32693089
32692753
32691890
32690547
32690544
32689956
32686937
32684122
32683439
32681121
32680910
32674515
32668165
32665962
32661794
32661206
32660402
32660220
32658852
32656307
32653906
32649739
32646049
32643798
32643599
32642354
32641486
32639511
32635188
32635137
32627759
32622993
32622082
32621881
32615316
32607305
32606886
32605700
32604797
32602929
32598305
32596311
32587094
32584199
32582302
32581288
32581081
32580814
32574196
32572310
32571797
32567952
32565296
32561682
32558308
32556143
32542743
32540904
32539259
32538738
32535302
32535147
32534807
32533062
32532138
32531777
32527379
32526372
32522207
32516273
32512670
32509472
32506549
32505692
32501810
32501190
32497295
32496715
32492195
32489023
32489022
32480226
32478936
32478289
32474553
32472653
32469114
32467190
32466577
32463395
32461413
32452417
32448590
32442315
32434145
32429786
32429580
32428835
32427468
32425955
32423553
32423095
32412125
32410788
32410735
32401345
32398026
32397182
32367648
32365353
32362314
32357545
32357471
32355260
32350571
32348495
32342926
32342578
32333544
32333494
32325742
32321524
32317810
32317434
32313828
32312628
32311431
32306853
32301390
32293832
32292902
32292881
32284379
32269081
32249956
32249203
32235086
32227493
32222995
32150360
32129843
32105049
32035270
32004758
