34998257
34998223
34998005
34998004
34997961
34997900
34997553
34997196
34996798
34995705
34995704
34995548
34995203
34995147
34994319
34994318
34993856
34993760
34993740
34993406
34992755
34992752
34992743
34992051
34991681
34991632
34991514
34991185
34991054
34990939
34990630
34990628
34990624
34989693
34989294
34988815
34987794
34987201
34986778
34986694
34986556
34986503
34986394
34984196
34984070
34983609
34983356
34983279
34983079
34982518
34982459
34982377
34980440
34979474
34979358
34979179
34978535
34978018
34977910
34976882
34976876
34976597
34976492
34976483
34975885
34975876
34975616
34975595
34975592
34975589
34975559
34974753
34974375
34973937
34972516
34972234
34971256
34971212
34971035
34970961
34970942
34970527
34970321
34970189
34970167
34969799
34969183
34969182
34968807
34968019
34967689
34967182
34966896
34966862
34965968
34965567
34965480
34965402
34965394
34964720
34964709
34964653
34964550
34964184
34964096
34963882
34963826
34963643
34963103
34963065
34962693
34962682
34962467
34961926
34961900
34961856
34961799
34961519
34961373
34960822
34960775
34960743
34960648
34960630
34960514
34960190
34960158
34959865
34959846
34959839
34959744
34958144
34957956
34957466
34957433
34957432
34957131
34957034
34957019
34956994
34956977
34956968
34956961
34956828
34956827
34956751
34956474
34955990
34955975
34955933
34955931
34955911
34955904
34955124
34954761
34954653
34954510
34954508
34954493
34954362
34953623
34953088
34952985
34952127
34952126
34952110
34952107
34951865
34951387
34951374
34951323
34951077
34950769
34950671
34950621
34950561
34950243
34949568
34949304
34949034
34948993
34948954
34948889
34948710
34948113
34946338
34946243
34945213
34945196
34945195
34945161
34945125
34945095
34944683
34944476
34944087
34943895
34943330
34942880
34942699
34942135
34942062
34941989
34941458
34941179
34940952
34940947
34940752
34939846
34939395
34938212
34938211
34937958
34937661
34937487
34937405
34937095
34936536
34936298
34936112
34936052
34935988
34935862
34935038
34934766
34934692
34934335
34934315
34934305
34933867
34933595
34932718
34932291
34931918
34931763
34931741
34931713
34931670
34931088
34930851
34930318
34930204
34930105
34929647
34929455
34928919
34928398
34927121
34927104
34926396
34926370
34926368
34926191
34925833
34925832
34925775
34925610
34925477
34925252
34925097
34925080
34924901
34924750
34924428
34924427
34924344
34924337
34924258
34924217
34924214
34924103
34923834
34923473
34923456
34923427
34921799
34921381
34921138
34921078
34920929
34920850
34920828
34920689
34920248
34920218
34920039
34920036
34919225
34919080
34918990
34918628
34918498
34918437
34918181
34917279
34917274
34915925
34915906
34915673
34915599
34915597
34915501
34915494
34915069
34914347
34914115
34914016
34913349
34912937
34912913
34912827
34912741
34912399
34912192
34911485
34911287
34911005
34911001
34910966
34910383
34909605
34909107
34909094
34909067
34909038
34909035
34909017
34908984
34908978
34908969
34908967
34908887
34908712
34908698
34908667
34908665
34908661
34908660
34908656
34908507
34907902
34907159
34907124
34906882
34906553
34906063
34904953
34904742
34904342
34904073
34903970
34903900
34903397
34903299
34902818
34902760
34902735
34902035
34901917
34901916
34901762
34901484
34901278
34901076
34900913
34900896
34900487
34900473
34900325
34900244
34900121
34900061
34899999
34899988
34899987
34899542
34899421
34899189
34898785
34898387
34897755
34896930
34896876
34896875
34896869
34896382
34896358
34895972
34895693
34895346
34895327
34895325
34894872
34894867
34894432
34894304
34893173
34892845
34892773
34891608
34891024
34890927
34890497
34890496
34890036
34889690
34889657
34889403
34889390
34889126
34888927
34888418
34888326
34888290
34888275
34888201
34888177
34888176
34888169
34887791
34887665
34887547
34887481
34887173
34886906
34886850
34886795
34886772
34886564
34886402
34886348
34886107
34886068
34886021
34886011
34884351
34884274
34884241
34884200
34884183
34883947
34883678
34882902
34882862
34882314
34882128
34881673
34881379
34881362
34881118
34880791
34880789
34880787
34880616
34880126
34879418
34878913
34878865
34878788
34878183
34877574
34877563
34877405
34877284
34877270
34876959
34876936
34876382
34876064
34875888
34875884
34875696
34875660
34875487
34875462
34875283
34875282
34874953
34874821
34874793
34874654
34874405
34873888
34873887
34873885
34873783
34873715
34873593
34873558
34873427
34873324
34873287
34872581
34871945
34870634
34870609
34870567
34870265
34870261
34870231
34870148
34869479
34869231
34869189
34869170
34869154
34868782
34868780
34868764
34868611
34868479
34868411
34867685
34867563
34867550
34867295
34866921
34866562
34866276
34865826
34865678
34865417
34865416
34864741
34864341
34864296
34863825
34863815
34863608
34863398
34863332
34863323
34862887
34862317
34862297
34862234
34862043
34861959
34861897
34861781
34861750
34861748
34861747
34861746
34861491
34861065
34860844
34860613
34859980
34859663
34859012
34858914
34858405
34858232
34858069
34857681
34856880
34856552
34856503
34856087
34855850
34855831
34855728
34855723
34855697
34855691
34855415
34855326
34855325
34855214
34855144
34855142
34855062
34854362
34854337
34854275
34854177
34854016
34853772
34853527
34852783
34852756
34852751
34852669
34852034
34851593
34851211
34850365
34849195
34848907
34848754
34847849
34847661
34847379
34847238
34847062
34846604
34845878
34845877
34845483
34844885
34844827
34844624
34844478
34844177
34843627
34843073
34842605
34842282
34842219
34841843
34841386
34841385
34841377
34841373
34841193
34840969
34840884
34840782
34840780
34840673
34839673
34839672
34839154
34838941
34838940
34838588
34838369
34837883
34837776
34837637
34837630
34837543
34837060
34836910
34836903
34836713
34836679
34836219
34835945
34835290
34835136
34835020
34835002
34834469
34834128
34833491
34833064
34832615
34832000
34831972
34831860
34831850
34831821
34831748
34831693
34831686
34831627
34831582
34830716
34830677
34830579
34830516
34829918
34829308
34828736
34828724
34828702
34828650
34828608
34828581
34828469
34827403
34827388
34827374
34827246
34826864
34826776
34826123
34825964
34825879
34825400
34825249
34824091
34823899
34823538
34823386
34821383
34821345
34821172
34820612
34819885
34819488
34819431
34818601
34818470
34818346
34818316
34818250
34817525
34817515
34817399
34817044
34816167
34816159
34815671
34815622
34815594
34814966
34814965
34814895
34814799
34814196
34814069
34813690
34813627
34813523
34813382
34812881
34812848
34812404
34812259
34812079
34811862
34811386
34809994
34809693
34809585
34808694
34808456
34807430
34806676
34806074
34805195
34805064
34805060
34804803
34804569
34804388
34804311
34804051
34803908
34803794
34803773
34803772
34803771
34803770
34803769
34803439
34803021
34802977
34802264
34801606
34801526
34801393
34801232
34801030
34800571
34799804
34799014
34798149
34798148
34798146
34797966
34797964
34797963
34797474
34797392
34796667
34796284
34796000
34795545
34795486
34795193
34795188
34794139
34793124
34792900
34792882
34791951
34791757
34790907
34790680
34790629
34790346
34790223
34790148
34790134
34789957
34789942
34789776
34789682
34789582
34789355
34788642
34788453
34788237
34788074
34787546
34787281
34786893
34786892
34786771
34786669
34786554
34786033
34785660
34785540
34785528
34785264
34784994
34784830
34784758
34784525
34783829
34783772
34783470
34781943
34781901
34781632
34781236
34781158
34781062
34780989
34780870
34780863
34780679
34780260
34779862
34779861
34779782
34778597
34778444
34778421
34778288
34778150
34778117
34777989
34777870
34777714
34777712
34777666
34777592
34777349
34777036
34777011
34776872
34776871
34776609
34776514
34776407
34776249
34776174
34775877
34775612
34775247
34775185
34775121
34774760
34774648
34774108
34774106
34774060
34773746
34773665
34773287
34772604
34772462
34771023
34770247
34770080
34769940
34769938
34769924
34769828
34769757
34769686
34769585
34769383
34769017
34768724
34768689
34768645
34768568
34768555
34768484
34768475
34768414
34768396
34768381
34768321
34768097
34767594
34767022
34766913
34766803
34766509
34766257
34766101
34766052
34765850
34765820
34765687
34765579
34765263
34765232
34764766
34764623
34763533
34763506
34763375
34763219
34763058
34763031
34762250
34762195
34762058
34762037
34761972
34761943
34761485
34761329
34760807
34760729
34760721
34760421
34760326
34760104
34759849
34759820
34759326
34759293
34759018
34758757
34758658
34758422
34758404
34758047
34757880
34757760
34757409
34756862
34756600
34756308
34756124
34756000
34755940
34755820
34755562
34754695
34754669
34754370
34754165
34754164
34754134
34753752
34753528
34753455
34752943
34751367
34751365
34751254
34751251
34750798
34749822
34749686
34749330
34748364
34748012
34747790
34747648
34747585
34747378
34747359
34747304
34746911
34746898
34746374
34746370
34746190
34746174
34746039
34746038
34745607
34745514
34745446
34745371
34745215
34744994
34744963
34744839
34744813
34744467
34744416
34744379
34744027
34743925
34743690
34743478
34742746
34742607
34742332
34742258
34741840
34741838
34741250
34740937
34740911
34740748
34740357
34740217
34739953
34739678
34739474
34739156
34738553
34738361
34738353
34738231
34737743
34737573
34737091
34736882
34736442
34735840
34735594
34735426
34734915
34734909
34734835
34734665
34733814
34733644
34733551
34733348
34733199
34733180
34733061
34732338
34732293
34731828
34731819
34731175
34730706
34730705
34730101
34729818
34729387
34729372
34729367
34728947
34728891
34728838
34728285
34728284
34728150
34728092
34728003
34727947
34727669
34727525
34727365
34726610
34726164
34725651
34725650
34725409
34725080
34724155
34723830
34723724
34723359
34723103
34722899
34721957
34721838
34721214
34721174
34721115
34721110
34721106
34720549
34720251
34720047
34719905
34719732
34719084
34718688
34718306
34718305
34718258
34718164
34717972
34717772
34717691
34716806
34716311
34716226
34716038
34715955
34715930
34715885
34715884
34715807
34715788
34715513
34715194
34715190
34715184
34715181
34715180
34715160
34714882
34714186
34714172
34714145
34713861
34713436
34713386
34712741
34712717
34712445
34711921
34711043
34710959
34710955
34710954
34710952
34710895
34710832
34710499
34710280
34710137
34710053
34709318
34709105
34709091
34708565
34707866
34707737
34707523
34707517
34706467
34706447
34706440
34706425
34706410
34706409
34705845
34705221
34704999
34704950
34704429
34704087
34704086
34703738
34703298
34703196
34702883
34702598
34702584
34702094
34699856
34699853
34699770
34699326
34698871
34698591
34698261
34698139
34698069
34697335
34697319
34697287
34697272
34696611
34696358
34696255
34695853
34695497
34695348
34694652
34694503
34694467
34694234
34694106
34693703
34693641
34692340
34692307
34692304
34691756
34691452
34691451
34691187
34690930
34690826
34690579
34690490
34690482
34690279
34690133
34690132
34690054
34689776
34689654
34688190
34688029
34688015
34687967
34687944
34687782
34687781
34687462
34687442
34687421
34686952
34686643
34686281
34685427
34685421
34684453
34684416
34684318
34683063
34682991
34682968
34682724
34682657
34682637
34682581
34682579
34682574
34682546
34682521
34682443
34681948
34681624
34680478
34680460
34679621
34679519
34679418
34679351
34679110
34678849
34678607
34677889
34677831
34677731
34677484
34676888
34676694
34676581
34675762
34675720
34675706
34675129
34674707
34674403
34674401
34674064
34674039
34673812
34673746
34673325
34673016
34672640
34672380
34672291
34672285
34672022
34671859
34671459
34671422
34671250
34671122
34670842
34670768
34670590
34670453
34670265
34670129
34670063
34669042
34668859
34668429
34668312
34668274
34668100
34667907
34667811
34667809
34667608
34667599
34667477
34667241
34667157
34666636
34666306
34666242
34666076
34665944
34665762
34665539
34665145
34664895
34664509
34664358
34662705
34662427
34662290
34661260
34661189
34660935
34660629
34660199
34660175
34660149
34660145
34660102
34660051
34659916
34659795
34659794
34659792
34659765
34659750
34659602
34659128
34658994
34658992
34658968
34658964
34658447
34658434
34658399
34657487
34657200
34656933
34656876
34656330
34656172
34656039
34655950
34655522
34655485
34655372
34655247
34655098
34654341
34654049
34653949
34653776
34653760
34653648
34652983
34652971
34652297
34652252
34652228
34651536
34651504
34651395
34651049
34650312
34649625
34648928
34648616
34648081
34647901
34647893
34647705
34647508
34646694
34646685
34646345
34645538
34645457
34644213
34644125
34643856
34643799
34643720
34643319
34643047
34642999
34642843
34642684
34642683
34642682
34642681
34642680
34642679
34642678
34642588
34642578
34642577
34642505
34642371
34641795
34641495
34640638
34640510
34640430
34639732
34639515
34639487
34639482
34639443
34639394
34639344
34639341
34638785
34638019
34637450
34637339
34637137
34637131
34636961
34636594
34636498
34636103
34635448
34635046
34634987
34634884
34634679
34634657
34634251
34634250
34634228
34634109
34633996
34633984
34633983
34633661
34633480
34633054
34632575
34632497
34632442
34632441
34632292
34631794
34631737
34631493
34631446
34631174
34630881
34630839
34630400
34630299
34630195
34630183
34629841
34629840
34629839
34629838
34629792
34629653
34629619
34629556
34629481
34629181
34629142
34628850
34628743
34628288
34627634
34627532
34627208
34627104
34627069
34627005
34627003
34626912
34626164
34625758
34625278
34625094
34624789
34624722
34624643
34623104
34622029
34621357
34621350
34621212
34620755
34620659
34620656
34620549
34619814
34619812
34619717
34619554
34619487
34619464
34619336
34619105
34618798
34618477
34618278
34618271
34617354
34617252
34616814
34616657
34616468
34616458
34616317
34615671
34614307
34614122
34614008
34613864
34613508
34613498
34613473
34612005
34611836
34611810
34611574
34609841
34609696
34609509
34609316
34609237
34608431
34608056
34607870
34607818
34607799
34607722
34606816
34606814
34606810
34606803
34606521
34606507
34606359
34604975
34604705
34604693
34604611
34604555
34604437
34604018
34603760
34603735
34603580
34603130
34603120
34603106
34603104
34603102
34603095
34602915
34602912
34602093
34602072
34601497
34601388
34601299
34601231
34600968
34600966
34600920
34600257
34600251
34599918
34597284
34596595
34596296
34595841
34594397
34594104
34593760
34593237
34593078
34592800
34592799
34592797
34592657
34592563
34592058
34591741
34591722
34591586
34591584
34590873
34590682
34590313
34589743
34589715
34589641
34589224
34589085
34588830
34588749
34588274
34587983
34587929
34587889
34587867
34587819
34587549
34587547
34587251
34586933
34586704
34586019
34585892
34584931
34584805
34584781
34584430
34584405
34584276
34583944
34583829
34583739
34583657
34582400
34582050
34581453
34581195
34581160
34580872
34580823
34580666
34580633
34580631
34580630
34580577
34579640
34579250
34579245
34579226
34579219
34577633
34576798
34575910
34575825
34575637
34575388
34575258
34575221
34574851
34574820
34574803
34574684
34574669
34574529
34574505
34574387
34573196
34573186
34573161
34573160
34573148
34572420
34572349
34572213
34572184
34572160
34571415
34570958
34569772
34569736
34569546
34569339
34568859
34568161
34568120
34568109
34567876
34567440
34567001
34566994
34566878
34566792
34566731
34565725
34565368
34565268
34564326
34564065
34563744
34563741
34562997
34562956
34562953
34562355
34561831
34561552
34561213
34561106
34561087
34560856
34560819
34560804
34560583
34560568
34559796
34559795
34559793
34559791
34559789
34559788
34559787
34559786
34559773
34559771
34559484
34559481
34559480
34559361
34559248
34559041
34558550
34557966
34557862
34557811
34557364
34557359
34557323
34557319
34557124
34557072
34556962
34556627
34556029
34555951
34555789
34555255
34554905
34554650
34554270
34554026
34553658
34553489
34553467
34553216
34552899
34552898
34552799
34552516
34551900
34551245
34550899
34550650
34549203
34549179
34549034
34548990
34548960
34548929
34548878
34548837
34548832
34548689
34548371
34548366
34548153
34548065
34547532
34546563
34546547
34546015
34545717
34545287
34545120
34544975
34544521
34544173
34543987
34543859
34543230
34543181
34542255
34541987
34541916
34541022
34540760
34540457
34540442
34540401
34540384
34540352
34539937
34539512
34539479
34539301
34539281
34539246
34539170
34539147
34538673
34538610
34538517
34538426
34538307
34538300
34538240
34537535
34537394
34536727
34536571
34536052
34535942
34535675
34535527
34535526
34535131
34534991
34534422
34534419
34534359
34534069
34533807
34533658
34533476
34533011
34533000
34532923
34531780
34531661
34531031
34530927
34530794
34530731
34530706
34529847
34529837
34529543
34529277
34529127
34528896
34528608
34528350
34527502
34527501
34525940
34525216
34524653
34524229
34524091
34523701
34523699
34523082
34522548
34522525
34522487
34521836
34521813
34521355
34521335
34521240
34520702
34520678
34520471
34520033
34519669
34519189
34518695
34518653
34518303
34518272
34518208
34517994
34517993
34517915
34517808
34517448
34517447
34517338
34517254
34517251
34517248
34517225
34516414
34516003
34515379
34515015
34514956
34514919
34514506
34514459
34514458
34514445
34514366
34514363
34514362
34514341
34514292
34513466
34513283
34512968
34512826
34512797
34512443
34512418
34512353
34512186
34512047
34511914
34511901
34511569
34511457
34511276
34511264
34511106
34510999
34510919
34510851
34510833
34510551
34509935
34509782
34509745
34509604
34509075
34508986
34508949
34508914
34508516
34508344
34507388
34507387
34507370
34507240
34507228
34507219
34507116
34507061
34506703
34506545
34506446
34506003
34505369
34504858
34504856
34504607
34504359
34504321
34503884
34503433
34502105
34501832
34501748
34501747
34501726
34501650
34501523
34501318
34501310
34500777
34500508
34500349
34500251
34499387
34499377
34499333
34498780
34497877
34497543
34497264
34497205
34496908
34496901
34496900
34496657
34495807
34495748
34495285
34494980
34494935
34494184
34494016
34493941
34493506
34493246
34493193
34492556
34490186
34489972
34489626
34489056
34488970
34488968
34488732
34488697
34488606
34488089
34488085
34487857
34487649
34487470
34487419
34487100
34487051
34486966
34486846
34486413
34486362
34485988
34485987
34485986
34485973
34485851
34485076
34484908
34484441
34484024
34484003
34483995
34483985
34483984
34483818
34483783
34483536
34483521
34483193
34482434
34482427
34482348
34481700
34481448
34481442
34481322
34481278
34480854
34480616
34479840
34479601
34479575
34479354
34479312
34479111
34478401
34477297
34477091
34476621
34476267
34475838
34475837
34475179
34475145
34475066
34475061
34474969
34473008
34472778
34471666
34471196
34470450
34470068
34469856
34469042
34468824
34468634
34468587
34468214
34467793
34467467
34467108
34466406
34466133
34466132
34466086
34465319
34465306
34463994
34463904
34463724
34463283
34463093
34463009
34462727
34462278
34462249
34462192
34462178
34462057
34461864
34461390
34461295
34461187
34461145
34460991
34460878
34460877
34460417
34460413
34459783
34459740
34459303
34459300
34458129
34458014
34457364
34456767
34456653
34456621
34456365
34456306
34456303
34455971
34455670
34455652
34455569
34455440
34455354
34455307
34454912
34454792
34454600
34454458
34454452
34453943
34453361
34453101
34452965
34452960
34452671
34450524
34450124
34450033
34449985
34449951
34449715
34449704
34449622
34449455
34449147
34448995
34448994
34448869
34448861
34448733
34448483
34447649
34447374
34447209
34447020
34446947
34446505
34446434
34446073
34445855
34445329
34444741
34444539
34444469
34444441
34444322
34444312
34444298
34444284
34444263
34444232
34444219
34444192
34442390
34442332
34442148
34441941
34441812
34440995
34440978
34440903
34440767
34440201
34439868
34439689
34439660
34439620
34438358
34438017
34437818
34437642
34437012
34435935
34435720
34435538
34434987
34434913
34434677
34434605
34434556
34434532
34434146
34433771
34433525
34433505
34433180
34432391
34432329
34431973
34431790
34431552
34431384
34431383
34431277
34430677
34430006
34429986
34429728
34429573
34429342
34428986
34428954
34428710
34428355
34428322
34428127
34426842
34426798
34426796
34425927
34425688
34424853
34424434
34424156
34423522
34423352
34423319
34422865
34422415
34422295
34422264
34422142
34422116
34421811
34421767
34421725
34421719
34421664
34421373
34421194
34421027
34420996
34420819
34420420
34419094
34418950
34418737
34418735
34417863
34417704
34417400
34417262
34416810
34416516
34416467
34416369
34416195
34416185
34416121
34416114
34415929
34415896
34415266
34415132
34414876
34414811
34414324
34414046
34413902
34413801
34413799
34413111
34413042
34412543
34411984
34411758
34411313
34409895
34409763
34409676
34409289
34408879
34408852
34408820
34408703
34408679
34408638
34408004
34407714
34407631
34407364
34407023
34406494
34406301
34406260
34405768
34405668
34405475
34405149
34405104
34405101
34405062
34404912
34404693
34404661
34403874
34402782
34402105
34402038
34401746
34401396
34400849
34400433
34400219
34399720
34399542
34399446
34399090
34398970
34398968
34398188
34397905
34397847
34397451
34397444
34397184
34397098
34396554
34396455
34396141
34395359
34395348
34395056
34394960
34394817
34393984
34393899
34393872
34393858
34393847
34393843
34393837
34393483
34393463
34393329
34393280
34392668
34392610
34392504
34392451
34392059
34392054
34391672
34391165
34390554
34390552
34389915
34389662
34389507
34388941
34388937
34388842
34388380
34388333
34387909
34387886
34387832
34387658
34387549
34387394
34387240
34387172
34387171
34386546
34386385
34386336
34386226
34386166
34385734
34385727
34385349
34385071
34384490
34384335
34383735
34383205
34382955
34382897
34382880
34382389
34381528
34381392
34381293
34381292
34381066
34380941
34380804
34380089
34379644
34379366
34379308
34378858
34378840
34378752
34378738
34377889
34377769
34377701
34377626
34377558
34377452
34377058
34376962
34376138
34375861
34375571
34375437
34375223
34375208
34375206
34375200
34375133
34375093
34374713
34374502
34374096
34373830
34373739
34373540
34373289
34373041
34373034
34372925
34372807
34371691
34371514
34370885
34370655
34369842
34369804
34369221
34368991
34368044
34367780
34367528
34367451
34367380
34367004
34366913
34366686
34366636
34366530
34365591
34365065
34363330
34362855
34362326
34362170
34360369
34360343
34360334
34360211
34360193
34360153
34360149
34360138
34359873
34359312
34358943
34358409
34357877
34357535
34356271
34356160
34356086
34354756
34354626
34354617
34354606
34353063
34352615
34352567
34352559
34352520
34352513
34352418
34352306
34352131
34351841
34351676
34351209
34350304
34349684
34349675
34349633
34349544
34349518
34349516
34349403
34349156
34348657
34348298
34348211
34348169
34347842
34347629
34347037
34346827
34346738
34346726
34346725
34345878
34345869
34345537
34345349
34345117
34345055
34344342
34344329
34344328
34344221
34344028
34344018
34344010
34343929
34343866
34343140
34342481
34342416
34341978
34341687
34341678
34341142
34339806
34339626
34339577
34338772
34338769
34338553
34338410
34337735
34336988
34336734
34336549
34336491
34336483
34336365
34336224
34335402
34335341
34335332
34335322
34335119
34335015
34334901
34334820
34334819
34334371
34334083
34333882
34333852
34333732
34333272
34333175
34332632
34332462
34332230
34331499
34331297
34330506
34330502
34330041
34330040
34329521
34328825
34328578
34328570
34328431
34328426
34328376
34328204
34328135
34327970
34327929
34327924
34327743
34327726
34327693
34327666
34327541
34327131
34327129
34327127
34327077
34327049
34326910
34326787
34326783
34326352
34326180
34325956
34325820
34325399
34325251
34324825
34324589
34324555
34324401
34324120
34324073
34323939
34323873
34323851
34323353
34323287
34323192
34322844
34322825
34322805
34322720
34322044
34322041
34321401
34321309
34321156
34320954
34320933
34320924
34320873
34320219
34320119
34319365
34319235
34319182
34318963
34318948
34318774
34318767
34316671
34316657
34316563
34316551
34316436
34315438
34315207
34315206
34314858
34313711
34313204
34313037
34312430
34312187
34312178
34311778
34311702
34311333
34310661
34310578
34310576
34310575
34310359
34309979
34309744
34309348
34308909
34308673
34308388
34308346
34308100
34307740
34307634
34307544
34307267
34307238
34307058
34306962
34306882
34306794
34306789
34306710
34306579
34306148
34305996
34305675
34305429
34305423
34305369
34305218
34305105
34304678
34304082
34303538
34303333
34303332
34303304
34303303
34303300
34303279
34302836
34301663
34301246
34301213
34300358
34300183
34299873
34299871
34299725
34299681
34299673
34298488
34298479
34298478
34298237
34298222
34298219
34297870
34297795
34297491
34297311
34297070
34296654
34296433
34296056
34295275
34294449
34294126
34293534
34293380
34293236
34293224
34293217
34292683
34291832
34291439
34291074
34290856
34289406
34289037
34289028
34287511
34287414
34287226
34286669
34286519
34286517
34286503
34286392
34285741
34285719
34285718
34285594
34285496
34285348
34285080
34284551
34284533
34284318
34284311
34283545
34283537
34283511
34282852
34282630
34282488
34282245
34282129
34282083
34281989
34281985
34281961
34281926
34281186
34281072
34281040
34280680
34279208
34278979
34278318
34278018
34277533
34277497
34277139
34276898
34276497
34276433
34276431
34276429
34275726
34275600
34274788
34274787
34274785
34274539
34274215
34274033
34273304
34272205
34271959
34271816
34271752
34271460
34271458
34271249
34270445
34270444
34269873
34269670
34269131
34268733
34268618
34268500
34268455
34268284
34267946
34267050
34266813
34266715
34266660
34265893
34265874
34265636
34265625
34265242
34265229
34265143
34264414
34263682
34263541
34263143
34262922
34262763
34262486
34262355
34262317
34262277
34262075
34261563
34261345
34260855
34260761
34260167
34259902
34259775
34258268
34258131
34258020
34257751
34256887
34256810
34256532
34256349
34256334
34256180
34256172
34255725
34255714
34255033
34254935
34254394
34254286
34254004
34253946
34253664
34252688
34252493
34252339
34252228
34251057
34250939
34250875
34250465
34250461
34250272
34249814
34249668
34249355
34248834
34248770
34248720
34248719
34248706
34248577
34248442
34248314
34248237
34248143
34247933
34247692
34247535
34247342
34247297
34247039
34246968
34246951
34246949
34246947
34246830
34246358
34246006
34245981
34245605
34245591
34245452
34245450
34245380
34245028
34244469
34244452
34244282
34243741
34243693
34243104
34243059
34243049
34242971
34242555
34242467
34242187
34241765
34241639
34241594
34241335
34240839
34240292
34240291
34239994
34239759
34239460
34239266
34238895
34238376
34238041
34237957
34237803
34237598
34237471
34237163
34237151
34236992
34236591
34236296
34236274
34235496
34234704
34234698
34234638
34234422
34233864
34233638
34232698
34232578
34232419
34232185
34231984
34231951
34231924
34231923
34231891
34231728
34231404
34231323
34231287
34231263
34231246
34230886
34230796
34230786
34230736
34230699
34230507
34230457
34229965
34229899
34229742
34229605
34229570
34229045
34228403
34227775
34227075
34226870
34226849
34226848
34226510
34225817
34225510
34224924
34224870
34224783
34224465
34224431
34224248
34224172
34224053
34223911
34223524
34222586
34222436
34222140
34222055
34222054
34221639
34221461
34221376
34221160
34220807
34220641
34220590
34220505
34220176
34220054
34219243
34218857
34218751
34218691
34218393
34217962
34217956
34217549
34217276
34217220
34216998
34216996
34215560
34215475
34215435
34215340
34215311
34214961
34214742
34214538
34214217
34214101
34213847
34213383
34212914
34212702
34212561
34212354
34212285
34212076
34211954
34211807
34211788
34211744
34211413
34211370
34211268
34211225
34211223
34211213
34210994
34210612
34210567
34209964
34209673
34209619
34209469
34209237
34209213
34209010
34208954
34207537
34207510
34207369
34207173
34206264
34205655
34205608
34205533
34204925
34204705
34204362
34204350
34204320
34204034
34203463
34203143
34202825
34202350
34202330
34201152
34201042
34200502
34200325
34200312
34200122
34199953
34199582
34199554
34199203
34199138
34198337
34198303
34198215
34198195
34197540
34197362
34197283
34196890
34196210
34195984
34195971
34195965
34195378
34194374
34193630
34193505
34193494
34193303
34193291
34193260
34192994
34192789
34192604
34192471
34192271
34192241
34192240
34192239
34192235
34192234
34192233
34192232
34192188
34192119
34192043
34192011
34191944
34191940
34191939
34191938
34191937
34191936
34191919
34191915
34191850
34191844
34191764
34191699
34191397
34190854
34190707
34190508
34190403
34190345
34189930
34189879
34189662
34189489
34189487
34189483
34189295
34189271
34188598
34188013
34187919
34187803
34187614
34187490
34187231
34186377
34186345
34186232
34186158
34185812
34185755
34185753
34184942
34184907
34184797
34184523
34184434
34184176
34183470
34183447
34183213
34182966
34182557
34182504
34182354
34182162
34182111
34181887
34181102
34180450
34180248
34180216
34179996
34179864
34179388
34179106
34179048
34178884
34178542
34178532
34178293
34177907
34177895
34177718
34177712
34177663
34177645
34177550
34177394
34177167
34177160
34177026
34177004
34176343
34176237
34176080
34175963
34175175
34174773
34174556
34174536
34174475
34174375
34173766
34173636
34173562
34173493
34172982
34172477
34171975
34171825
34171768
34171615
34171532
34171493
34171411
34171116
34171050
34169169
34168972
34168970
34168583
34168508
34167856
34167589
34167146
34166429
34166132
34165087
34165030
34164624
34164228
34163530
34163427
34163379
34163377
34163164
34162641
34162301
34161778
34161754
34161753
34161252
34160313
34159838
34159534
34158837
34158836
34158830
34158815
34158709
34158707
34158323
34158170
34157977
34157907
34157904
34157514
34157003
34156962
34156697
34156665
34155080
34155024
34154382
34153974
34153902
34153837
34153799
34152884
34152562
34151722
34151680
34151315
34151259
34151188
34150573
34150386
34150362
34149838
34149692
34149493
34149397
34149302
34148681
34148541
34147967
34147945
34147315
34147175
34147174
34147173
34147172
34146897
34146480
34146334
34145908
34145839
34145689
34145679
34145669
34145186
34145171
34144481
34144455
34144250
34143568
34143202
34142917
34142675
34142589
34142560
34142284
34141857
34140899
34140652
34140635
34140220
34140034
34139414
34139110
34138964
34138828
34138629
34137714
34137449
34137367
34136676
34136250
34135820
34135802
34135784
34135448
34135107
34134879
34134493
34134025
34134022
34132790
34132648
34132188
34131997
34131980
34130814
34130683
34130634
34130597
34130553
34130340
34130277
34130197
34129112
34128485
34128414
34127931
34127389
34127211
34127207
34126854
34126711
34126645
34126622
34126461
34126428
34126311
34126309
34125988
34125868
34125435
34125304
34124958
34124631
34124187
34123997
34123991
34123986
34123984
34123447
34122671
34122281
34122242
34122233
34122174
34122151
34122126
34121981
34121215
34121159
34120913
34120800
34120667
34120104
34119869
34119745
34119626
34119326
34118841
34118694
34118499
34117994
34117968
34116819
34116623
34116467
34116037
34115606
34115260
34114956
34114355
34114135
34113842
34113379
34113277
34113107
34112355
34112255
34112082
34111831
34111653
34110959
34110951
34110506
34110278
34109860
34109816
34109685
34109308
34108999
34108897
34108896
34108891
34108830
34108344
34108174
34108170
34107995
34107890
34107805
34107672
34107601
34107425
34107292
34107060
34106540
34106438
34106430
34106264
34106172
34106080
34105629
34105605
34105105
34104925
34104902
34104704
34104556
34104353
34104246
34104221
34104219
34104023
34104010
34103971
34103921
34103378
34103102
34102605
34102549
34102518
34102151
34101612
34101518
34101075
34100767
34100564
34100343
34100191
34099997
34099503
34099467
34099015
34098745
34098517
34098516
34098299
34098292
34098210
34098184
34097864
34097726
34097555
34097050
34096808
34096490
34095858
34094848
34094629
34093760
34093568
34093567
34093416
34093295
34093277
34093250
34092798
34092687
34092646
34092429
34091347
34091177
34090983
34090835
34090582
34090128
34090021
34089886
34089640
34089508
34088506
34088351
34088342
34088335
34088334
34088273
34087964
34087954
34087907
34087686
34087629
34087628
34087216
34086984
34086425
34086418
34085882
34085281
34085153
34085061
34085038
34084820
34084779
34081799
34081788
34081601
34081443
34081349
34081298
34080892
34080714
34080557
34080556
34080555
34080553
34080552
34080549
34080435
34080267
34079809
34079787
34079690
34079401
34079332
34078863
34078860
34078441
34078340
34078171
34077995
34077972
34077795
34077629
34077285
34077147
34076692
34076674
34076204
34075809
34075370
34075369
34075348
34075336
34075335
34075173
34074933
34074594
34074140
34073594
34073559
34073524
34073187
34072951
34072386
34072368
34071956
34071924
34071479
34071234
34071078
34070754
34070468
34070367
34070236
34068441
34068354
34068221
34067850
34067315
34067086
34067045
34066850
34066560
34065953
34065093
34064568
34064553
34064163
34063576
34063004
34062769
34062709
34062619
34062293
34061888
34061792
34061008
34060958
34060710
34060459
34060280
34059980
34058271
34057973
34057701
34057409
34056704
34056576
34055711
34055419
34054975
34054624
34054613
34054603
34054595
34054567
34054073
34053847
34053413
34053106
34052989
34052923
34052584
34052147
34051531
34051516
34049958
34049812
34049779
34049450
34049217
34049216
34049102
34048960
34048906
34048673
34048587
34048557
34048397
34048357
34047931
34047782
34047261
34047256
34047221
34047035
34046435
34046264
34046087
34045994
34045444
34045442
34044831
34044744
34044408
34043890
34043731
34043385
34043246
34043219
34043164
34042797
34042598
34041810
34041779
34041682
34041108
34040551
34040548
34040326
34040321
34040132
34039574
34039313
34038936
34038103
34037731
34037587
34037479
34037417
34037369
34037351
34037180
34036952
34036244
34035914
34035880
34035836
34035820
34035155
34034972
34034845
34034806
34034649
34034269
34033716
34033655
34033583
34033370
34032552
34031864
34031543
34031519
34031341
34031321
34031189
34030803
34030737
34030595
34030164
34029833
34028302
34027786
34027612
34027540
34027301
34027184
34026798
34026362
34026047
34025923
34025918
34025912
34025479
34025471
34024800
34024799
34024580
34024500
34024217
34023987
34023580
34023473
34023470
34023323
34022550
34021946
34021772
34021454
34021112
34020974
34020688
34020254
34020046
34019476
34019347
34019346
34019274
34019272
34019263
34019253
34019232
34018564
34018437
34017278
34016817
34016299
34016295
34016294
34015983
34015848
34015622
34014037
34013612
34013019
34012456
34012413
34011023
34010931
34010841
34010764
34010256
34009454
34009033
34008791
34008452
34008220
34008216
34007917
34007506
34007420
34006228
34006157
34006056
34004375
34004367
34004095
34004018
34003736
34003557
34003321
34003284
34002465
34002336
34002129
34001701
34001700
34001698
34001576
34001277
34001232
34001215
34000684
34000683
34000177
34000173
34000168
34000153
34000151
34000144
34000143
34000140
34000132
34000125
34000123
34000120
34000116
34000110
34000089
33999501
33999399
33999203
33998773
33998328
33997826
33997662
33997298
33996868
33996863
33996845
33996707
33996706
33996528
33996162
33995259
33995199
33995188
33995143
33995136
33994815
33994652
33994545
33994360
33994267
33994159
33993676
33993519
33993223
33992933
33992699
33992695
33992499
33991946
33991365
33991361
33991289
33990100
33990054
33989861
33989466
33988774
33988723
33988484
33988122
33987501
33987197
33987115
33986698
33986692
33985907
33985863
33985666
33985647
33985515
33984571
33984425
33984089
33984086
33984078
33984074
33984066
33983615
33983506
33982989
33982853
33982839
33982530
33981882
33981806
33981797
33981711
33981657
33981349
33981348
33981229
33980532
33980119
33979771
33979485
33977807
33976559
33975774
33975529
33974959
33974750
33974609
33974494
33974490
33974342
33974316
33974053
33973880
33973210
33973208
33973189
33973187
33972885
33972260
33972083
33971711
33971084
33970732
33970570
33970252
33969713
33969248
33968877
33968624
33968599
33968506
33968317
33968280
33967857
33967841
33967552
33967389
33966933
33966686
33966520
33966511
33966408
33966320
33966289
33965972
33965747
33965353
33964922
33964872
33964815
33964709
33964683
33962720
33962695
33962659
33962512
33962368
33962366
33962142
33962141
33960721
33960608
33960406
33960170
33959997
33959218
33959180
33959047
33958443
33958180
33957763
33957520
33956646
33956123
33955819
33955610
33955327
33955321
33954998
33954931
33954852
33953673
33953663
33952614
33952445
33952330
33952318
33952229
33951739
33951659
33951085
33950923
33950864
33950849
33950546
33950404
33950336
33950076
33949876
33949676
33949179
33947509
33947357
33947107
33946649
33946641
33946179
33946099
33945026
33942924
33942743
33942148
33941756
33941622
33941119
33940721
33940651
33940565
33940495
33940318
33939498
33939486
33938667
33938588
33938503
33937471
33937408
33937310
33937300
33937170
33937160
33936922
33936680
33935859
33935838
33935836
33935820
33935477
33935220
33935103
33934422
33933339
33933295
33932964
33932551
33932169
33932157
33932073
33931952
33931871
33931304
33931245
33931081
33930678
33929792
33929645
33929617
33929344
33929170
33928885
33928838
33928805
33928515
33927956
33927918
33927522
33926855
33926589
33926562
33925743
33925055
33924365
33924133
33924010
33923791
33923784
33923537
33922918
33922281
33921674
33921598
33921526
33921113
33920904
33920260
33920147
33919907
33919780
33919693
33918932
33918593
33918426
33918095
33917942
33917837
33915884
33915856
33915784
33915733
33915713
33915361
33914800
33914014
33913261
33913075
33912898
33912531
33912312
33910674
33910656
33910544
33910325
33909518
33909258
33908718
33908655
33908601
33908195
33907833
33907791
33907730
33907679
33907592
33907480
33907346
33905924
33905614
33905574
33905121
33904979
33904788
33904618
33904123
33903839
33903799
33903743
33902760
33902619
33902126
33902030
33901700
33901667
33901353
33901048
33900819
33900813
33899939
33899829
33899826
33898968
33898865
33898819
33898461
33898273
33897551
33897503
33897502
33897499
33897410
33897376
33897261
33897249
33896849
33896144
33895693
33895540
33894615
33894561
33894064
33893649
33893570
33893540
33892896
33892639
33892451
33892139
33891554
33890744
33890344
33889535
33889235
33889231
33889106
33889102
33889082
33888104
33887749
33887549
33886851
33886773
33886656
33886392
33885180
33884940
33884723
33884552
33884450
33884400
33883960
33883424
33883315
33883063
33882385
33881790
33881621
33881555
33880984
33880442
33880247
33879697
33879509
33879260
33879224
33878758
33878290
33878284
33878025
33877926
33877905
33877584
33877051
33876864
33875911
33875414
33875044
33875039
33874977
33873000
33872261
33872181
33871077
33870955
33870952
33870531
33870261
33870179
33869821
33868689
33868630
33868525
33868085
33868049
33868043
33867778
33867366
33866551
33866523
33866383
33865879
33864741
33864403
33864152
33863609
33863388
33862667
33862334
33861938
33860905
33860224
33860222
33859584
33859159
33859127
33859126
33859010
33858953
33858874
33858666
33858542
33857897
33857786
33857053
33857050
33856853
33856474
33856322
33855977
33854466
33853537
33853477
33853063
33853062
33852256
33851711
33851557
33851442
33851361
33850037
33849861
33849817
33849629
33849243
33849131
33848701
33848451
33848056
33847586
33847470
33846867
33846662
33846096
33846014
33845895
33845620
33845561
33845528
33845351
33845350
33845342
33845300
33844945
33844898
33844388
33843547
33843516
33843460
33843008
33842504
33842416
33842400
33841418
33841296
33841271
33841264
33841231
33841169
33841149
33841053
33840986
33840973
33840774
33840642
33840481
33840279
33840069
33839993
33839704
33839557
33839554
33839482
33838927
33838684
33838475
33837651
33837107
33836702
33836625
33836472
33836468
33836386
33836287
33836148
33835937
33835769
33835482
33835432
33835246
33835153
33834516
33834502
33833698
33833696
33833695
33833682
33833673
33833219
33832918
33832543
33832489
33832398
33832345
33832166
33832159
33832023
33831972
33831813
33831333
33830956
33830380
33830230
33829974
33829833
33829608
33829466
33828524
33828492
33827499
33827106
33827015
33827013
33826953
33826011
33825992
33825340
33825220
33825114
33824767
33824674
33823795
33823752
33823602
33823047
33822644
33821928
33821453
33821207
33821206
33821052
33820758
33820514
33820425
33819922
33819876
33819733
33819591
33819492
33819422
33818410
33818330
33818322
33818055
33818054
33818036
33817882
33817811
33817609
33816662
33816526
33816359
33816358
33815798
33815218
33815186
33815178
33815164
33815157
33814870
33814277
33814062
33814061
33814053
33813249
33813148
33813097
33812789
33812244
33812222
33811827
33811552
33811451
33811158
33810416
33809698
33808828
33808716
33808640
33807502
33807280
33807029
33806624
33806595
33806271
33806163
33805886
33805787
33805760
33805644
33805263
33805024
33804963
33804912
33804408
33804368
33804075
33803352
33803235
33802569
33802468
33802042
33801074
33800980
33800686
33800607
33799371
33799284
33799046
33799045
33799032
33798027
33797548
33797367
33797351
33797350
33797281
33796241
33796046
33796035
33796031
33795936
33795912
33795682
33795494
33794971
33794354
33794152
33793459
33793167
33792912
33792536
33792447
33791925
33791342
33791293
33791231
33790857
33790817
33790494
33789846
33789761
33789642
33789578
33789451
33788698
33788071
33787832
33787602
33787182
33786700
33786000
33785807
33785720
33785568
33784966
33784961
33784918
33784745
33783027
33782888
33782395
33781286
33781283
33781220
33780988
33780969
33780402
33780207
33780166
33779985
33779835
33779773
33779772
33779676
33779588
33779373
33778996
33778970
33777650
33777580
33777265
33776943
33776917
33776867
33776846
33776812
33776214
33776213
33776062
33775993
33775925
33775744
33775456
33774984
33774762
33774618
33774538
33774320
33774195
33774085
33773496
33773007
33772777
33772572
33772512
33771389
33771282
33771277
33771276
33771275
33771274
33771154
33771142
33771122
33770573
33770334
33770191
33769966
33769771
33767623
33767120
33767089
33766514
33766426
33766419
33765493
33765451
33765218
33765039
33764267
33764150
33763620
33763275
33762980
33762979
33762633
33762360
33762311
33761994
33761992
33761986
33761863
33761325
33760677
33760417
33759982
33759865
33759811
33759804
33759311
33759283
33758930
33758752
33758747
33758114
33757998
33757598
33756307
33755815
33755010
33754956
33754414
33753983
33753964
33753949
33753947
33753570
33752758
33752686
33752656
33751463
33750734
33750513
33750463
33750304
33749564
33749537
33748808
33748066
33748059
33748057
33747973
33747892
33747592
33747263
33746884
33746836
33746793
33746791
33746463
33746215
33746108
33745765
33745757
33745471
33745357
33744846
33744800
33744758
33744592
33744510
33744497
33743634
33743398
33743370
33742156
33741762
33741216
33741130
33740639
33740483
33740481
33740456
33740281
33739987
33739452
33739399
33738889
33738615
33738572
33738089
33737955
33737894
33737877
33737867
33737058
33736746
33736695
33735720
33735422
33735380
33735374
33735309
33735102
33735042
33734970
33734888
33734539
33733511
33733315
33732461
33732181
33732173
33731245
33730684
33730325
33730320
33730197
33729709
33729128
33729054
33728484
33728107
33727757
33727252
33727050
33726658
33725917
33725772
33725762
33725200
33725184
33724987
33724953
33724837
33724616
33724231
33723649
33723500
33723208
33723027
33723026
33723025
33723024
33723023
33722089
33721968
33721830
33721785
33721740
33721734
33720821
33720820
33720664
33720604
33720599
33720460
33720447
33720371
33719953
33719853
33719738
33719697
33718991
33718591
33717728
33717596
33716936
33716846
33716845
33716838
33716829
33716811
33716771
33715108
33714279
33714184
33713921
33713336
33710933
33710610
33710424
33710419
33710250
33710079
33709980
33709878
33709675
33709653
33709119
33708634
33708147
33707185
33706965
33706676
33706477
33706216
33706003
33705268
33704085
33693046
33692973
33692712
33692650
33691986
33691765
33691012
33691011
33690641
33689088
33688583
33688553
33687995
33687889
33687359
33687136
33686933
33686767
33686640
33686557
33686135
33685474
33684331
33684159
33684134
33684017
33683246
33683204
33683064
33682803
33682276
33681882
33681826
33681743
33681664
33681310
33681293
33681009
33680218
33679593
33679571
33679480
33679428
33679282
33679227
33679145
33679113
33678857
33678579
33678401
33678219
33677628
33677410
33677184
33676931
33675794
33675508
33675451
33675247
33675182
33674185
33673876
33673847
33673844
33673372
33672759
33672372
33672257
33672120
33672002
33671919
33671363
33671210
33671159
33670560
33670490
33670394
33670059
33670000
33669970
33669453
33669352
33668602
33667962
33667763
33667019
33666894
33666649
33665771
33665643
33665642
33664681
33664674
33663267
33663108
33662859
33662858
33662702
33662654
33662532
33662324
33661878
33661755
33661693
33661628
33661353
33660824
33660416
33660218
33660068
33658965
33658951
33658949
33658866
33657458
33657355
33656737
33656727
33656718
33656016
33655804
33655591
33654683
33654634
33654058
33653257
33653256
33653215
33652248
33651911
33651511
33651497
33651479
33651111
33650967
33650896
33649750
33649707
33649691
33648616
33648613
33648568
33648555
33648487
33648028
33647592
33647590
33647327
33647017
33646805
33646720
33646505
33646501
33646163
33645873
33645490
33645489
33645486
33645186
33644708
33644428
33644399
33643629
33643448
33643292
33642045
33641707
33641061
33641028
33640862
33640714
33640006
33639626
33639344
33639109
33638915
33637546
33636675
33636674
33636670
33636598
33636526
33636019
33635926
33635422
33635255
33635229
33635172
33634761
33634065
33633904
33633893
33633823
33633614
33633613
33633106
33632722
33632259
33632250
33631983
33631537
33631466
33631409
33631179
33630906
33630694
33630284
33630183
33629600
33629269
33628764
33628748
33628656
33627824
33627397
33627183
33627089
33626575
33626241
33625582
33625513
33625069
33623975
33623726
33623484
33623460
33623352
33622955
33622829
33622422
33621990
33621800
33621713
33621654
33620417
33620133
33620123
33620073
33619413
33618965
33618796
33618708
33618639
33618509
33618441
33618380
33617700
33616801
33616739
33616693
33616540
33616520
33616290
33615968
33615196
33614948
33614727
33614677
33614179
33614158
33614040
33613859
33613691
33613621
33613337
33613024
33613023
33612908
33612430
33612203
33612201
33612199
33612196
33612194
33612159
33611957
33611657
33611083
33610937
33610876
33610778
33610347
33610219
33610218
33609958
33609470
33608786
33608714
33608217
33607350
33606657
33606656
33606597
33606424
33606157
33606053
33605621
33605399
33605247
33605239
33605238
33605116
33604758
33604174
33603701
33603689
33603511
33603379
33602920
33602537
33602476
33602080
33602079
33602078
33601999
33601873
33601744
33601725
33601700
33601697
33601691
33601682
33601287
33600902
33600614
33600272
33600121
33599709
33599202
33599004
33599003
33598718
33598592
33597900
33596774
33596605
33596604
33595449
33595414
33594951
33594741
33593267
33593201
33592903
33592682
33592433
33592429
33592399
33592310
33592305
33592019
33591784
33591604
33590991
33590976
33590703
33590313
33589865
33589854
33589741
33589663
33588706
33588315
33588262
33588226
33588225
33588050
33587965
33587678
33587672
33587494
33587177
33586020
33585296
33585201
33584709
33584697
33584506
33584335
33584070
33584013
33584012
33583684
33583474
33583366
33582970
33582900
33582454
33582428
33582405
33582230
33582147
33581979
33581399
33581046
33580917
33580842
33579872
33579579
33578926
33578923
33578867
33578206
33577841
33577067
33577065
33576833
33576464
33575836
33575312
33575230
33574769
33574015
33573681
33573673
33572669
33572570
33572425
33572044
33571791
33571382
33570743
33570500
33570425
33570039
33569758
33569736
33569650
33569547
33569014
33568930
33568541
33568207
33568141
33567524
33566953
33566919
33566863
33566664
33565919
33565910
33564978
33564974
33564500
33563355
33563186
33562030
33562012
33561622
33561190
33561040
33560778
33560698
33560696
33560511
33560276
33560208
33560019
33560003
33559748
33559483
33559466
33559405
33558944
33558866
33558865
33558165
33557964
33557941
33557936
33557776
33557677
33557431
33557142
33556918
33556749
33556700
33556639
33556127
33556030
33555954
33555305
33554916
33554627
33554626
33554218
33554203
33554192
33554191
33553654
33553435
33553222
33553083
33552191
33551864
33551857
33551736
33551675
33551422
33551391
33551047
33551009
33550983
33550816
33550782
33550640
33550176
33549696
33549331
33548929
33548905
33548660
33548496
33548184
33547703
33547563
33547514
33546928
33546513
33546511
33546488
33546319
33545936
33545448
33545423
33544772
33544761
33544689
33544405
33544227
33544032
33543679
33543486
33542764
33542647
33542468
33542313
33541726
33540683
33540358
33540333
33540240
33539336
33538678
33538677
33538586
33538477
33537862
33537687
33537398
33537214
33536883
33536545
33536446
33536070
33535513
33534934
33534805
33534108
33533521
33533405
33533051
33532723
33532371
33532344
33532175
33532128
33532103
33531775
33531763
33531752
33531212
33530891
33530458
33530357
33530251
33530091
33530015
33529719
33529600
33529285
33529271
33529226
33528832
33528827
33528767
33528610
33527607
33527226
33527091
33527073
33525740
33525562
33525214
33525201
33524983
33524803
33524660
33523828
33522938
33522907
33522600
33522343
33522340
33522068
33521836
33521769
33521767
33521692
33521688
33521530
33521313
33521210
33520687
33520614
33520590
33520223
33520144
33520081
33519939
33519559
33519463
33519028
33518860
33517940
33517749
33517219
33517176
33517132
33516153
33516085
33515791
33515336
33514354
33514012
33513521
33513400
33513124
33512323
33512273
33512126
33511572
33510677
33510530
33509676
33509669
33509413
33508573
33508570
33508545
33508291
33508121
33507664
33507660
33507637
33506670
33506122
33505866
33505806
33505699
33504318
33504309
33504302
33504101
33503834
33503168
33503055
33502666
33502593
33502436
33500564
33500389
33500211
33499675
33499409
33498426
33497526
33497425
33496679
33495766
33495715
33495704
33495396
33494816
33494775
33494769
33494659
33494656
33493729
33493637
33493625
33493325
33492755
33492608
33492565
33491983
33491475
33491234
33490369
33490009
33488905
33488430
33488423
33488054
33487401
33487098
33487038
33486996
33486674
33486513
33486423
33486401
33486395
33485845
33483864
33483692
33483341
33483259
33483222
33482590
33482576
33482422
33482377
33482337
33482113
33481760
33481639
33481202
33480832
33480485
33480484
33480351
33480016
33479219
33479198
33479086
33478604
33478591
33477595
33477319
33475934
33475148
33474926
33474816
33473054
33472682
33472610
33472576
33471809
33471778
33471776
33471683
33471676
33471492
33471383
33470932
33470504
33470392
33469571
33469563
33469434
33468267
33468242
33467573
33467522
33467080
33466536
33466265
33465590
33465589
33465295
33465165
33465035
33464469
33464115
33463480
33463098
33462384
33461639
33461387
33461150
33459797
33459727
33459251
33458586
33458584
33456650
33456419
33456304
33454941
33454368
33454159
33452919
33452633
33451858
33451360
33451305
33451292
33450699
33450472
33449443
33448567
33447465
33447144
33447115
33447101
33446246
33446003
33445968
33445604
33445563
33445230
33445095
33445094
33445081
33445007
33444560
33444419
33444192
33443616
33442367
33442258
33442163
33441361
33441276
33441201
33441073
33441072
33440950
33439853
33439591
33439387
33438223
33437145
33437144
33437096
33436478
33436319
33436064
33435454
33435378
33434920
33434851
33434768
33434688
33434615
33434296
33433758
33433633
33433382
33433299
33433006
33432793
33432762
33432296
33432293
33432286
33432265
33431109
33430933
33430891
33430752
33430353
33430132
33429989
33429925
33429305
33429246
33428871
33428867
33428630
33428465
33428187
33427776
33427331
33426733
33426630
33426593
33426160
33426096
33425789
33425684
33425411
33425277
33424673
33424655
33424652
33424651
33424514
33424259
33424100
33424059
33424043
33423434
33423433
33423106
33422827
33422820
33422813
33422664
33422441
33422153
33422035
33421866
33421864
33421858
33421841
33421802
33421734
33421691
33421051
33420551
33419752
33419411
33419325
33418193
33418020
33417262
33416050
33415422
33415126
33415115
33414732
33414728
33414650
33414589
33414238
33414226
33413819
33413619
33413562
33413093
33412993
33412923
33412831
33412823
33412491
33412349
33412316
33412294
33411996
33411995
33411894
33411812
33411559
33411332
33411127
33409839
33409769
33409016
33408744
33408658
33408653
33407954
33407804
33407777
33407303
33407110
33404981
33404977
33404967
33404363
33403679
33403611
33403113
33402853
33402524
33402343
33402273
33402136
33401749
33401632
33401171
33400556
33400457
33400280
33400277
33400078
33398946
33398705
33398605
33398256
33398233
33398228
33398224
33397873
33397247
33397246
33397209
33397144
33395101
33394891
33394560
33394487
33393791
33393724
33393415
33392827
33392568
33392545
33392511
33392143
33391959
33391385
33391174
33391172
33391079
33391060
33391055
33391049
33391048
33391014
33390866
33390724
33390723
33390561
33389845
33389523
33389304
33389012
33388981
33388798
33388559
33388494
33388025
33387941
33387928
33387848
33387744
33387743
33387233
33387010
33386559
33386081
33385878
33385782
33385281
33384638
33384625
33384620
33384244
33383781
33383468
33383045
33382459
33381288
33381285
33381057
33380850
33379414
33378604
33378397
33377665
33377609
33376331
33375986
33375928
33375692
33375144
33375139
33374593
33374407
33374138
33373994
33373987
33373681
33373505
33372916
33372782
33371945
33371927
33371840
33371260
33371250
33371175
33371046
33371040
33370770
33370765
33370763
33370762
33370761
33370760
33370757
33370756
33370721
33370649
33370620
33369294
33368849
33368805
33368692
33368615
33368069
33368064
33367907
33367823
33367546
33364864
33364790
33364375
33364329
33364319
33364090
33363932
33363393
33363275
33363261
33363096
33363049
33362600
33362545
33361797
33361360
33361058
33360914
33360865
33360366
33358617
33358273
33358228
33357665
33357662
33357661
33357606
33357200
33356541
33355896
33354499
33354065
33354062
33354059
33354040
33353808
33353790
33353165
33352286
33351420
33351290
33351239
33350869
33350655
33350601
33350580
33350504
33350440
33350343
33350319
33349726
33348953
33347345
33346851
33346795
33346687
33346472
33346454
33346323
33345626
33344794
33344606
33343709
33343419
33343417
33342649
33342421
33342420
33342088
33341754
33341210
33341023
33341014
33340475
33340472
33340304
33340292
33339632
33339523
33339317
33339153
33338954
33338842
33338676
33338558
33338556
33337661
33337290
33336781
33336770
33336061
33335744
33335638
33334335
33334073
33333471
33333469
33333255
33332400
33332331
33332145
33331927
33331498
33331195
33330565
33330336
33330276
33329953
33329586
33329337
33329335
33329157
33329152
33329143
33329134
33329133
33329106
33328777
33328620
33328588
33328211
33328021
33327924
33327623
33326409
33325536
33325427
33325426
33325311
33324327
33324324
33324308
33324263
33324258
33324252
33324224
33323916
33323696
33323694
33323690
33323307
33322982
33321983
33321378
33321356
33320822
33320699
33320214
33320033
33319496
33318802
33318714
33318314
33317615
33317325
33317190
33317135
33316862
33316718
33315969
33314738
33314732
33314469
33313731
33313670
33313579
33312817
33312199
33312140
33312138
33312024
33312005
33310971
33310814
33310765
33310451
33310178
33310177
33310113
33309957
33309903
33309690
33308420
33308290
33308059
33307996
33307858
33307658
33306975
33306889
33306888
33305891
33305702
33304288
33304284
33304279
33303470
33303345
33303338
33303255
33303254
33303253
33303086
33302673
33302256
33302191
33302094
33301523
33301373
33301042
33300751
33300356
33300152
33299899
33299775
33299364
33299126
33298750
33298746
33298386
33298301
33298299
33298298
33298296
33297921
33297920
33297919
33297540
33296992
33296987
33296977
33296817
33296607
33296330
33296149
33295781
33295422
33295278
33295245
33295021
33294893
33294715
33293904
33293424
33293395
33293252
33293178
33292623
33292579
33292539
33292147
33290963
33290516
33290446
33290246
33290245
33290205
33289371
33289014
33288995
33288977
33288348
33287780
33287462
33287343
33285369
33285346
33285156
33284784
33284498
33283844
33283835
33283699
33283686
33283161
33282891
33281685
33281325
33281255
33281232
33280649
33280639
33280502
33280141
33280062
33279864
33279648
33279333
33279332
33278866
33278644
33278549
33278301
33277106
33277048
33276843
33276827
33276603
33276520
33276301
33275999
33275271
33274530
33274432
33274259
33274148
33273815
33273261
33272807
33272732
33272731
33272308
33272301
33272285
33271730
33271720
33271701
33271643
33271642
33271497
33271447
33271434
33270755
33270588
33270159
33269536
33269492
33269148
33268220
33267999
33267756
33267652
33266429
33266130
33264750
33264677
33264669
33264532
33264373
33264098
33263960
33263648
33263341
33263296
33263105
33262966
33262727
33262724
33261933
33261931
33261922
33261820
33261606
33261545
33261139
33260987
33260778
33260231
33260128
33259924
33259326
33258088
33257917
33257594
33257593
33257592
33257043
33256952
33255758
33255569
33255184
33254586
33254513
33254478
33254205
33254204
33254192
33253633
33253455
33252927
33252868
33252867
33252816
33252531
33252292
33251972
33251484
33251164
33251098
33250794
33250594
33250356
33250270
33250208
33249471
33249335
33248907
33248863
33248862
33248420
33248289
33248025
33247023
33246269
33246261
33245761
33245703
33245474
33244974
33244969
33244504
33244365
33244359
33244282
33243820
33243764
33243457
33243197
33243134
33242914
33242815
33242814
33242801
33242768
33242703
33242097
33241588
33241508
33241028
33240384
33240326
33240172
33240135
33240129
33240124
33239406
33239231
33238933
33238672
33238140
33236918
33236615
33236549
33236430
33235891
33235833
33235643
33234664
33234659
33234430
33234355
33232817
33232277
33231786
33231770
33231710
33230045
33229969
33229933
33229168
33229123
33228822
33228499
33228210
33227735
33227670
33227079
33227077
33227074
33227070
33227064
33227063
33227057
33227049
33227044
33226914
33226565
33226415
33226337
33226333
33225251
33224908
33224645
33224309
33224080
33224040
33223984
33223983
33223783
33223658
33223274
33222680
33221246
33221169
33221126
33221125
33221039
33220632
33220366
33219837
33219569
33219478
33219453
33219424
33218990
33218124
33217826
33217046
33215247
33215120
33214960
33214387
33214202
33213130
33212440
33211433
33210927
33210709
33209992
33209901
33209820
33209521
33208702
33208153
33208083
33206719
33206678
33206230
33206201
33205748
33205530
33204595
33204562
33204546
33204097
33203460
33203440
33202706
33201021
33200993
33200826
33200717
33200716
33200715
33200105
33200104
33200103
33200094
33200009
33199975
33198962
33198479
33198406
33197782
33197765
33197297
33197231
33197076
33196989
33196119
33196001
33195828
33195400
33195371
33195323
33195319
33194973
33194874
33194223
33193965
33193776
33193775
33193773
33193769
33193768
33193767
33193766
33193048
33193009
33192865
33192858
33192854
33192847
33192842
33192744
33192736
33192692
33192674
33192492
33192483
33192170
33192065
33190816
33190113
33190025
33190017
33189941
33189356
33188961
33187329
33187255
33187031
33186805
33186750
33186710
33186052
33185989
33185910
33185615
33185608
33185582
33185576
33185174
33184811
33184805
33183386
33183212
33183203
33183097
33181701
33181473
33181098
33180868
33180783
33180743
33180549
33179820
33178088
33177898
33177897
33177436
33177396
33177251
33177148
33176496
33175296
33174576
33174336
33174292
33174109
33173966
33173756
33172719
33172352
33171544
33170391
33169823
33169110
33169109
33169072
33169062
33168151
33167876
33167846
33167752
33166099
33166098
33166097
33166018
33165372
33165368
33165314
33164601
33163979
33163629
33163588
33163578
33163571
33163570
33163558
33163111
33162922
33162916
33162899
33162686
33162572
33162440
33162261
33162012
33161559
33161494
33161046
33160763
33160275
33160138
33159981
33159556
33159508
33158555
33158456
33157252
33157110
33156802
33156267
33155955
33155954
33155463
33155016
33154711
33154498
33153871
33153080
33152562
33152512
33152464
33152446
33152201
33152030
33151983
33151748
33151180
33150970
33150930
33150651
33150405
33149655
33149594
33149541
33148994
33148777
33148439
33148202
33148091
33148001
33147964
33147894
33147871
33147591
33147504
33147081
33146039
33146038
33146037
33145801
33145259
33144632
33143711
33142819
33141191
33141018
33140827
33140593
33140508
33138931
33138930
33138924
33138923
33138867
33138712
33138047
33137963
33137827
33137605
33137601
33137593
33136080
33135627
33134844
33134751
33134226
33134211
33134156
33134090
33133987
33133651
33133090
33133010
33132986
33132979
33132936
33132305
33131980
33131716
33131192
33130483
33130435
33130333
33130279
33129636
33129138
33129099
33128999
33127659
33127280
33127196
33127195
33125905
33125744
33125688
33125622
33125542
33125198
33124658
33124593
33124471
33124044
33123675
33123550
33122776
33122241
33121426
33121422
33120941
33120930
33120626
33120327
33120247
33120100
33118491
33118327
33117508
33117227
33116970
33115823
33115580
33115543
33112694
33111204
33110934
33110588
33110586
33109459
33109432
33109291
33109156
33108622
33108312
33107926
33107316
33107232
33107230
33107063
33106782
33106766
33106742
33106193
33105971
33105830
33104904
33104711
33104050
33103716
33103295
33102644
33102545
33102511
33102268
33102263
33102262
33102261
33101103
33101086
33100809
33100266
33100211
33099897
33099056
33099052
33099049
33098746
33098588
33098579
33097467
33097315
33095519
33095518
33095432
33095368
33095252
33095180
33095171
33094291
33094021
33093987
33093946
33093376
33091782
33091284
33091020
33090599
33090596
33090493
33090433
33090358
33089736
33089707
33089622
33089511
33089452
33089445
33088628
33088398
33088153
33087206
33087178
33087166
33087035
33085716
33084359
33083934
33083817
33083785
33083782
33083693
33083396
33083287
33082620
33081916
33081864
33081741
33081457
33081456
33080471
33080339
33080269
33079564
33078372
33078126
33078024
33078012
33077738
33076856
33076812
33076794
33074266
33073073
33072876
33072783
33072634
33072200
33072097
33072084
33071775
33071183
33070798
33070781
33070475
33070335
33070044
33069815
33069580
33069310
33069309
33069307
33069203
33069201
33068480
33068472
33067931
33066762
33066008
33065842
33065839
33065831
33065825
33065821
33065816
33065808
33065795
33065207
33064253
33063746
33063479
33062856
33062854
33061695
33060189
33059875
33059534
33058519
33057966
33054673
33054515
33054027
33053640
33053508
33053051
33053047
33052920
33052727
33052619
33052573
33052259
33052198
33051440
33051396
33051393
33051392
33051391
33051390
33051388
33050994
33050869
33049751
33048825
33047842
33047495
33047412
33047223
33047100
33047047
33046384
33046178
33046113
33045553
33045494
33045120
33044760
33044510
33043677
33043320
33043092
33043088
33042770
33042575
33042562
33042116
33041963
33041902
33041827
33041811
33041505
33039545
33039218
33038789
33038682
33038562
33038075
33038046
33037608
33037119
33036878
33036662
33036545
33035957
33035589
33035434
33034901
33034804
33034366
33033487
33033486
33033485
33033099
33032962
33032954
33032862
33032060
33031994
33031963
33031948
33031918
33031651
33031213
33031046
33031013
33030932
33030036
33029880
33029818
33029325
33029321
33029203
33028449
33027839
33026520
33026219
33025850
33025384
33025099
33024072
33024017
33023798
33023765
33023616
33023459
33023332
33023050
33022901
33022790
33021901
33021554
33020988
33020721
33020697
33020166
33020069
33019920
33019914
33019859
33019592
33017479
33017179
33016885
33016773
33016619
33016027
33015645
33014753
33013930
33013676
33013675
33013666
33013503
33013497
33013375
33012891
33012721
33012116
33011887
33011701
33010584
33009672
33009668
33009366
33009276
33009166
33008959
33008869
33008459
33008374
33008081
33007711
33007629
33007626
33007533
33007463
33007195
33007149
33007141
33007131
33006886
33006815
33006811
33006789
33006691
33006492
33006419
33006287
33005541
33005461
33005165
33004643
33004274
33004166
33004045
33002722
33002350
33001329
33000394
33000300
32999997
32999774
32999436
32998512
32998491
32998024
32997705
32996993
32996441
32995894
32995736
32994041
32993833
32993696
32993622
32993405
32993321
32992807
32992744
32992515
32991945
32991081
32990951
32990602
32990239
32990089
32989424
32988955
32988427
32988321
32987773
32987764
32987701
32987349
32986663
32986631
32986147
32986016
32985717
32985317
32983157
32982849
32982846
32982720
32982500
32982249
32981561
32981560
32980748
32980424
32980318
32980250
32980145
32979696
32979666
32979601
32979557
32978886
32978848
32977359
32977228
32977074
32977063
32977050
32977047
32976112
32975917
32975916
32975884
32975714
32975191
32974994
32974228
32973638
32973584
32973575
32973125
32972778
32972644
32972485
32972202
32971532
32971511
32971356
32971109
32970974
32970861
32970639
32970561
32969629
32969190
32968286
32967853
32967647
32966271
32966196
32965728
32965525
32965402
32965373
32964653
32964535
32964177
32963819
32962258
32962001
32961409
32961123
32960100
32960072
32959507
32959031
32957905
32957901
32957803
32957702
32957545
32957375
32957342
32957057
32956989
32956962
32956579
32956164
32955373
32954600
32954595
32954522
32954488
32954371
32954046
32953841
32953741
32953449
32952855
32952617
32951996
32950999
32950884
32950879
32950845
32950843
32950734
32950466
32950066
32949888
32949869
32949606
32947859
32947051
32946915
32946641
32946270
32945888
32943446
32943371
32942454
32942348
32941374
32941222
32940922
32940702
32940446
32940201
32940192
32939917
32939853
32937966
32937949
32937929
32937259
32937224
32936777
32936695
32936586
32936467
32935406
32935156
32934824
32934757
32933914
32933881
32933552
32932329
32932252
32931783
32931782
32931524
32931444
32931418
32931348
32931341
32931107
32929876
32929854
32929826
32929399
32929212
32929211
32928835
32928535
32928323
32928149
32928038
32927628
32926931
32926434
32924776
32922783
32922211
32922174
32921952
32921749
32921723
32921515
32921324
32921216
32920936
32920322
32920235
32920000
32919788
32919351
32919180
32917848
32917460
32917457
32916925
32916836
32916691
32916509
32916371
32915764
32915381
32914732
32914677
32912716
32912670
32912559
32912511
32912357
32912329
32911161
32911110
32910845
32910843
32910456
32909983
32909895
32909713
32909060
32908842
32908333
32908046
32907692
32905864
32905655
32905181
32904925
32904910
32904454
32903950
32903864
32903555
32903445
32903131
32903111
32902837
32901615
32901580
32900532
32900515
32900214
32899958
32899835
32899799
32899532
32899470
32898896
32898703
32898686
32897868
32897518
32895799
32895082
32894909
32894568
32893725
32893073
32893047
32892311
32892062
32890937
32890817
32890453
32890356
32889970
32889378
32889039
32888287
32888279
32888278
32888277
32887982
32886331
32885911
32885345
32885275
32884277
32882922
32882867
32882738
32882508
32882506
32882501
32882345
32882068
32881437
32881116
32881108
32880577
32880441
32880269
32879862
32879730
32879637
32879484
32879122
32878736
32878679
32878678
32878559
32876803
32876777
32876270
32876269
32876249
32875990
32874973
32874697
32874585
32874447
32873685
32873496
32873127
32872321
32871994
32871694
32871686
32871676
32871675
32871661
32871659
32871013
32870517
32870351
32870241
32870141
32869541
32868984
32868972
32868681
32868631
32868604
32868142
32867665
32867651
32867105
32866802
32866409
32866131
32865850
32865082
32864934
32864634
32864576
32864184
32863389
32863290
32862216
32862107
32862101
32862008
32861856
32861840
32861839
32861838
32861837
32861835
32861328
32861098
32861011
32860672
32860475
32860297
32860226
32860214
32859529
32858874
32858810
32858431
32858315
32858131
32857929
32857835
32857707
32857624
32857287
32856947
32856752
32856333
32855782
32855780
32855778
32855777
32855774
32855772
32855178
32854985
32854983
32854786
32854481
32854480
32854106
32854041
32853914
32853913
32853893
32853884
32853823
32853602
32853453
32853158
32853011
32852580
32852316
32852240
32852142
32851355
32850927
32850562
32850151
32849947
32848958
32848952
32848907
32847486
32847484
32847471
32847033
32846780
32846165
32845850
32845582
32845081
32844987
32844918
32843771
32843716
32843485
32842957
32842622
32841849
32841413
32841152
32841113
32840805
32839923
32839747
32838398
32838351
32838117
32838116
32838115
32838100
32838074
32837965
32837963
32837962
32837961
32837960
32837958
32837957
32837956
32837955
32837954
32837911
32837863
32837747
32837701
32837548
32837445
32837435
32837429
32837426
32837401
32837296
32837214
32837211
32837210
32837118
32837078
32837051
32837031
32836895
32836375
32836304
32836303
32836295
32836185
32836085
32836029
32835901
32835900
32835296
32835245
32834943
32834711
32834621
32834527
32834388
32834275
32834272
32833273
32833238
32832666
32831341
32831327
32831319
32830577
32830358
32829449
32829231
32828002
32827969
32827869
32827733
32827436
32826620
32826619
32826562
32823540
32823216
32823148
32822087
32821901
32821569
32820986
32820084
32818776
32818775
32818605
32816503
32816409
32816170
32815855
32815512
32815293
32815213
32814757
32814575
32813065
32812525
32811627
32811575
32811274
32810517
32809853
32808273
32807412
32807018
32806699
32805029
32804920
32804747
32804456
32804279
32804145
32804103
32803472
32801722
32801438
32800868
32800748
32800347
32799852
32799109
32799107
32799105
32798931
32798098
32796802
32796795
32796793
32796792
32796791
32796336
32795715
32795617
32795186
32794025
32793014
32793008
32792326
32791575
32790662
32790653
32790362
32790253
32790215
32789802
32789158
32789044
32788159
32787929
32787815
32787417
32786309
32786131
32786080
32785855
32784244
32784239
32783196
32782815
32782765
32782030
32780893
32780513
32780512
32780503
32780011
32779878
32779498
32779446
32777899
32777745
32777604
32777327
32776617
32776602
32776601
32776534
32775536
32775535
32775530
32773986
32773845
32773476
32773340
32773257
32772053
32771861
32771380
32771337
32771308
32771068
32770652
32769777
32769063
32768994
32768277
32767872
32767871
32767858
32767827
32767755
32767361
32767264
32767117
32767055
32766787
32766545
32765822
32763844
32763640
32763586
32763551
32763298
32763197
32762737
32761900
32761495
32761196
32760195
32759877
32759092
32758924
32758871
32758794
32758257
32756807
32756734
32756189
32756188
32755302
32754986
32754609
32754608
32754447
32754437
32754254
32754041
32753347
32753338
32753137
32753027
32751804
32751624
32750726
32750072
32750012
32750009
32749642
32748211
32748192
32748068
32747830
32747387
32746801
32746638
32745981
32745237
32743793
32742314
32742294
32739908
32739051
32738664
32738407
32738287
32737668
32737423
32737292
32736186
32736095
32735326
32734916
32734915
32734910
32734907
32734353
32733907
32733373
32733003
32732883
32731958
32731868
32731360
32731317
32731315
32731282
32730915
32730233
32729433
32729139
32728799
32728654
32727465
32727145
32726723
32725545
32725271
32724238
32723588
32723108
32722980
32722961
32722159
32721958
32721922
32721851
32721795
32721785
32721580
32720611
32720399
32719655
32719529
32718894
32718855
32718300
32718266
32718076
32717711
32717504
32716899
32716764
32716520
32715545
32715512
32713924
32713374
32713336
32712910
32712636
32712376
32712069
32711297
32711296
32710639
32710064
32709542
32709505
32708525
32708495
32707218
32707215
32706943
32706942
32706941
32706510
32705994
32705981
32705860
32705370
32704477
32704352
32704298
32703079
32702641
32702553
32700978
32700813
32700398
32700223
32698923
32698320
32698095
32697769
32697713
32697705
32697692
32697344
32697172
32697171
32697120
32697002
32696808
32696734
32696730
32696341
32696066
32696057
32695719
32695327
32695066
32694078
32692894
32691699
32691645
32691488
32691334
32690382
32690074
32688427
32688420
32688107
32688023
32687949
32687677
32686937
32686219
32686164
32685653
32685049
32685042
32684343
32684080
32683333
32683306
32683304
32682619
32682460
32682081
32681866
32681865
32681845
32681819
32680759
32680478
32679910
32679784
32679465
32679148
32678948
32678901
32678542
32678526
32678525
32678524
32678521
32676935
32676882
32676778
32675666
32674654
32674637
32674285
32674114
32674066
32673940
32673930
32672029
32671502
32670172
32667081
32666857
32666713
32666422
32666376
32665227
32665054
32665052
32664957
32664919
32664543
32663990
32663970
32663933
32663793
32663524
32663362
32662303
32662129
32661885
32660697
32660296
32659945
32659855
32659213
32658859
32658857
32658829
32658828
32658826
32658825
32658823
32658818
32658814
32658813
32658812
32658811
32657995
32657465
32657436
32657207
32655731
32655724
32654678
32654361
32654296
32654247
32654049
32654018
32653804
32652915
32652473
32652168
32652139
32651736
32651671
32650785
32650522
32650305
32650221
32650220
32650121
32650110
32649864
32649067
32649065
32647915
32647160
32646885
32646714
32645636
32645620
32645586
32644868
32644205
32643844
32643615
32643346
32643004
32642842
32640558
32640417
32639862
32639089
32639077
32638647
32637987
32637293
32637095
32635837
32634830
32634111
32634105
32633860
32631403
32631130
32630821
32630367
32629788
32629726
32629402
32628369
32628368
32627606
32624651
32623266
32623263
32622823
32622730
32622338
32622172
32621481
32620916
32620315
32619884
32618464
32617990
32617983
32617741
32617738
32617313
32615528
32614440
32614069
32613626
32611509
32611362
32611305
32611226
32610613
32610334
32609942
32609398
32609353
32609290
32608159
32607852
32607304
32605666
32604895
32604797
32604585
32604457
32604203
32604133
32603770
32602929
32600978
32600945
32599095
32598480
32598320
32597503
32596936
32596909
32596640
32596339
32595362
32594644
32594505
32593961
32593959
32593770
32593662
32593614
32593341
32593144
32593071
32592539
32591185
32590808
32590755
32590422
32590314
32589829
32589826
32589546
32588367
32588191
32588051
32587902
32587174
32587172
32586885
32586205
32585674
32585617
32585400
32585065
32584324
32584113
32584109
32583481
32583460
32583434
32583053
32582745
32581895
32580925
32580396
32579751
32579306
32578943
32578691
32578309
32578027
32576329
32575062
32575004
32574896
32574433
32574346
32574287
32574249
32574246
32574245
32574242
32573838
32573351
32572609
32572334
32571580
32571376
32570203
32570202
32570192
32569905
32569879
32569452
32569450
32569376
32569360
32568498
32568187
32568164
32568026
32567872
32567057
32566934
32566473
32565914
32565296
32565132
32565030
32564983
32563927
32563690
32563299
32562911
32562437
32561990
32561692
32561465
32561464
32561389
32561222
32560306
32559419
32559160
32558957
32558697
32558198
32558193
32558002
32557449
32557332
32556793
32556328
32555563
32554825
32554771
32554288
32554285
32554284
32552016
32551774
32551771
32551759
32551755
32551753
32551750
32550035
32548995
32548599
32546764
32546654
32546234
32545809
32545714
32545378
32544863
32544071
32543703
32542934
32542180
32540884
32540735
32540733
32539587
32539586
32539535
32539153
32538856
32537135
32536707
32535573
32535508
32534188
32533874
32533799
32533322
32532625
32532077
32531935
32531754
32530862
32530582
32530581
32529575
32528622
32528621
32527141
32526698
32526627
32526079
32525813
32525755
32525548
32525388
32525367
32525249
32524712
32524707
32524646
32523871
32522407
32522282
32521557
32521554
32521463
32521039
32520747
32520289
32519352
32519150
32518767
32518634
32518435
32516795
32516107
32515699
32515698
32515084
32514428
32513552
32513299
32512661
32512586
32512290
32512287
32512134
32512008
32511859
32511849
32511692
32510973
32510880
32510879
32510878
32509307
32507686
32507557
32507556
32507122
32507119
32505918
32505878
32505489
32505461
32505067
32503883
32503657
32503620
32503382
32503172
32503092
32502828
32502806
32502296
32502289
32501805
32501731
32501455
32501397
32500608
32500518
32497747
32497628
32497627
32496637
32496340
32496223
32496206
32496102
32496094
32495323
32493627
32493604
32493478
32492561
32492256
32491298
32490720
32489743
32489523
32489191
32489189
32489188
32489136
32489027
32489025
32488958
32488728
32488522
32488413
32487271
32486488
32486196
32486140
32486074
32485859
32485487
32485289
32484731
32484584
32482845
32482844
32480327
32480326
32480226
32480115
32479798
32479103
32478950
32478886
32476175
32476163
32475365
32474941
32474160
32474093
32474064
32473945
32473078
32472517
32470851
32470235
32470233
32470232
32470231
32469387
32468988
32468632
32466862
32466820
32466736
32466598
32466536
32466251
32464586
32464585
32464584
32464582
32464367
32463289
32463127
32461408
32460357
32460184
32460086
32460041
32459372
32459292
32458550
32458530
32458422
32458356
32458111
32454408
32454238
32454157
32451846
32451564
32450197
32449791
32449782
32449770
32449555
32449528
32449523
32449247
32449178
32448635
32448377
32447795
32447630
32447496
32447274
32444648
32444493
32443345
32443166
32442880
32441496
32441495
32441303
32439821
32439651
32438454
32437679
32437022
32436835
32436486
32435920
32434626
32434621
32434611
32434610
32434606
32434605
32433364
32433363
32433010
32432389
32431255
32429235
32429193
32428342
32427134
32426957
32426221
32426220
32426099
32425487
32425275
32425199
32425013
32424616
32423553
32422983
32422545
32422501
32422426
32420011
32419998
32419751
32419748
32418730
32418532
32418288
32417709
32417209
32417164
32416961
32416330
32416028
32415891
32415733
32415419
32415314
32415045
32414675
32414669
32413984
32413712
32413617
32412931
32412679
32411566
32411359
32410810
32409501
32408399
32408398
32408155
32408147
32408119
32408047
32406933
32405955
32405259
32405226
32405150
32405115
32405111
32404652
32404651
32404258
32403983
32403217
32403068
32401942
32401844
32400911
32400859
32400858
32399806
32398625
32397693
32396948
32396947
32396134
32395910
32395872
32395864
32395849
32395788
32395473
32394889
32394480
32392400
32391986
32391985
32390473
32390279
32389516
32389499
32389373
32389117
32388486
32388461
32388458
32388452
32388451
32388326
32388123
32387795
32387345
32386848
32385900
32383802
32383776
32383530
32383174
32381385
32380881
32380315
32380086
32379637
32378854
32377709
32376528
32376262
32376159
32376004
32375144
32375011
32374026
32373652
32373651
32373650
32372197
32370984
32370983
32370982
32370727
32369687
32369686
32369624
32369402
32368994
32367837
32367765
32367579
32367205
32365044
32365043
32364930
32363492
32363167
32363045
32362452
32361387
32361209
32360895
32360205
32360137
32360037
32359765
32358216
32357582
32357379
32356641
32353518
32352480
32352308
32351121
32348232
32347572
32346977
32345478
32344993
32344313
32344276
32343342
32342566
32342051
32341722
32340553
32340051
32340044
32339915
32339137
32338400
32338224
32337045
32335697
32335508
32335200
32334820
32334406
32334276
32333857
32333581
32333552
32332322
32332004
32330593
32330288
32329877
32329796
32329045
32328363
32327870
32326997
32325392
32325383
32324898
32324284
32323565
32322822
32320508
32320498
32320091
32319444
32319272
32319041
32316065
32315980
32315967
32315885
32315487
32315386
32314951
32314460
32314455
32313886
32313880
32312628
32312567
32307026
32306513
32305883
32305586
32305585
32305145
32304928
32304118
32303027
32303026
32303023
32302962
32302813
32302070
32298856
32298803
32298676
32298385
32298006
32295323
32291797
32284735
32284362
32283980
32281130
32278860
32277732
32276196
32276095
32275288
32275258
32274787
32271125
32271070
32270760
32267243
32260436
32259628
32253535
32250482
32250468
32250460
32250235
32248989
32244041
32241953
32241695
32240283
32238978
32237013
32232837
32232218
32229390
32227627
32226293
32217556
32217117
32215618
32215613
32215365
32212386
32211816
32205186
32203970
32202646
32199996
32199510
32191830
32179380
32131151
32108459
32092911
32086886
32078967
32048862
