34998169
34994350
34993395
34992473
34992169
34991703
34991643
34989943
34987462
34986754
34984501
34982416
34977909
34976090
34972206
34971256
34971057
34968716
34967301
34966387
34966344
34966022
34963812
34960786
34957384
34957383
34957261
34957187
34955284
34955064
34954325
34953623
34952975
34951387
34951374
34951103
34950393
34949267
34949230
34948400
34948113
34942956
34942927
34942920
34942917
34942912
34942888
34942880
34942250
34934940
34934853
34933829
34932550
34931159
34929396
34929359
34927124
34927105
34927104
34927077
34927033
34925862
34924406
34923146
34922127
34920689
34919459
34918020
34916925
34916443
34916063
34915494
34915308
34915155
34914040
34910383
34910375
34909052
34908984
34908967
34907696
34906793
34906029
34905575
34904681
34901918
34901793
34901061
34900402
34899999
34899189
34897302
34897020
34896358
34890962
34889649
34889647
34888418
34888201
34888169
34887085
34886333
34884216
34880395
34880322
34876977
34874668
34873535
34871216
34870247
34870149
34869156
34868884
34868783
34867978
34867899
34867449
34867295
34866911
34866892
34865878
34865649
34864549
34864371
34862317
34859884
34858736
34858623
34855675
34855673
34855668
34855659
34854362
34853092
34850157
34849503
34849195
34848886
34848552
34847395
34842325
34841375
34841097
34840957
34840779
34840313
34840148
34838058
34837776
34835088
34835087
34834998
34833462
34833377
34832615
34832564
34831271
34830592
34827584
34827540
34827519
34827488
34827455
34827448
34827412
34827406
34827405
34827403
34827388
34827374
34827042
34827023
34825771
34825698
34822163
34821709
34821494
34815399
34814553
34814196
34811493
34809664
34808227
34807310
34805450
34805307
34804531
34803804
34803772
34803442
34803040
34802841
34800562
34800379
34796065
34796023
34793374
34792882
34791425
34790905
34789776
34789582
34789193
34786548
34786547
34786533
34786155
34785660
34782556
34781648
34780863
34779687
34777995
34777871
34777224
34776872
34776871
34775688
34772624
34772441
34769052
34768339
34768321
34766205
34766055
34765829
34765681
34763263
34763058
34762851
34762501
34762195
34761241
34760882
34759959
34757622
34757528
34756659
34755887
34755106
34755047
34754695
34753125
34749238
34746880
34746876
34746374
34745371
34745215
34745122
34744633
34742746
34741187
34739662
34739397
34737902
34737453
34735684
34734914
34734908
34734907
34733644
34733597
34733557
34733060
34733051
34732978
34730769
34729467
34729276
34729258
34729176
34728179
34727881
34725821
34724974
34724543
34723359
34722908
34722579
34722412
34722070
34721219
34718113
34718069
34715496
34714517
34714115
34712522
34709472
34707866
34706965
34706651
34704923
34703738
34702794
34700172
34700148
34698363
34696455
34696295
34694467
34693703
34693366
34693365
34692340
34692282
34692281
34691603
34691187
34688995
34688543
34688203
34688029
34687967
34687944
34687399
34686930
34686631
34684123
34682909
34681624
34681064
34679519
34679418
34679402
34679356
34679353
34679351
34679321
34678659
34676111
34676086
34675561
34675436
34674039
34673372
34673175
34672377
34672005
34671250
34668780
34668122
34667948
34667907
34666076
34664111
34663466
34662285
34661987
34661981
34661977
34661971
34660355
34660051
34660010
34659750
34659238
34658434
34656887
34656876
34656691
34656255
34655835
34655265
34653938
34653903
34653760
34652601
34652561
34651049
34650842
34650454
34650208
34650073
34649291
34648081
34647691
34646224
34645457
34643619
34642927
34642371
34640553
34638785
34638235
34636961
34636103
34635436
34634783
34634109
34633054
34632429
34631044
34630299
34629696
34628850
34628788
34628787
34626338
34625744
34625610
34625443
34625294
34620676
34620252
34620025
34619763
34619427
34617608
34615534
34615434
34612003
34611810
34608463
34608167
34608117
34607955
34605386
34605003
34604834
34604723
34604693
34604555
34604485
34603883
34602662
34601698
34601346
34599921
34597480
34596624
34595136
34593760
34592318
34589820
34589783
34589777
34589767
34589743
34589735
34589699
34589343
34587192
34586552
34586292
34583417
34582507
34578284
34577633
34577493
34575637
34575258
34575040
34574709
34574028
34573254
34573251
34573250
34573241
34573238
34573198
34573196
34573192
34573186
34573161
34573160
34573157
34573148
34572661
34571963
34571912
34571039
34570086
34568764
34568623
34568161
34567397
34565930
34563744
34563621
34562598
34562208
34560443
34560318
34559980
34559791
34559787
34559786
34559059
34557670
34557180
34557072
34556962
34554650
34554384
34553216
34552930
34552905
34549667
34549393
34549199
34549178
34548883
34548849
34548836
34547465
34546547
34545349
34545348
34544726
34544348
34543522
34541636
34541562
34539285
34539141
34538029
34536341
34536067
34535492
34534991
34534695
34533490
34531224
34530899
34530146
34529506
34524721
34522910
34522538
34519155
34518048
34517779
34517439
34517273
34515238
34514445
34514440
34514439
34514399
34514362
34514004
34512253
34511652
34511566
34511276
34510329
34509790
34509396
34508486
34508357
34508088
34507427
34507116
34506794
34506501
34504858
34504502
34502105
34495807
34494007
34489403
34488566
34488505
34487856
34487470
34487051
34486708
34486382
34486280
34486072
34485969
34485849
34485076
34484739
34484241
34483870
34483818
34482471
34481755
34480607
34480527
34479383
34479361
34478433
34475457
34472664
34472526
34472447
34471720
34466611
34465808
34463724
34462589
34462298
34462249
34461686
34461442
34459986
34459705
34458032
34457267
34455307
34453881
34452974
34452728
34452519
34451513
34450033
34448261
34447639
34447225
34444741
34440767
34440728
34439729
34439689
34439670
34439660
34439620
34439611
34439605
34439587
34439581
34438358
34437012
34436180
34435041
34433686
34433540
34431948
34430677
34429798
34426782
34425479
34424156
34423037
34421805
34418857
34417704
34416267
34415031
34414470
34409763
34409289
34408721
34406838
34405142
34403043
34402945
34402517
34401939
34401749
34401746
34401683
34400884
34400158
34398188
34397429
34396817
34396554
34396455
34396099
34396046
34393976
34393847
34392930
34391003
34390282
34390216
34387618
34387157
34386336
34386007
34384490
34384351
34383840
34380677
34379495
34378892
34377750
34377564
34373382
34371831
34371133
34370958
34368903
34367838
34366689
34366530
34362224
34362133
34360004
34359938
34358176
34356160
34356142
34356133
34356125
34355580
34355379
34353250
34350072
34348321
34347785
34347629
34347037
34346604
34345869
34345609
34345486
34345055
34344659
34342429
34342152
34341080
34341079
34339806
34339626
34339563
34337918
34337737
34336483
34336436
34335981
34334186
34334058
34333995
34333876
34333852
34333497
34333284
34333238
34331778
34328426
34327697
34327693
34326968
34325716
34324964
34324519
34321474
34321271
34321155
34319630
34318585
34315736
34315206
34312772
34312301
34308388
34308299
34307223
34307071
34306871
34306848
34304719
34304141
34302450
34301646
34301402
34299756
34299089
34297992
34297795
34295136
34291313
34290590
34289965
34289382
34289037
34288632
34287345
34285930
34285348
34284539
34284038
34283545
34281603
34281177
34277221
34277178
34277139
34276671
34276349
34274833
34274215
34273743
34273119
34270756
34269530
34268500
34262499
34262075
34261487
34260342
34260266
34259776
34259314
34256241
34255812
34254928
34250939
34250455
34249938
34248655
34248566
34248502
34247339
34246919
34246735
34244688
34244682
34243148
34242847
34241783
34239147
34238041
34237727
34235815
34234698
34234323
34233121
34232801
34231951
34231709
34230916
34230908
34230086
34229735
34229469
34227468
34226899
34226892
34225676
34224187
34223998
34223812
34223525
34222864
34222513
34220192
34219268
34218857
34217811
34217472
34216110
34213312
34213091
34211370
34208937
34207173
34206540
34204362
34204243
34204034
34203463
34203143
34201415
34201087
34200818
34200720
34197067
34193869
34193524
34192245
34191844
34191699
34189662
34189487
34189484
34189359
34187231
34186362
34186311
34184612
34184491
34184343
34184177
34182098
34182016
34181102
34179146
34176883
34176095
34176087
34175230
34175006
34174183
34173049
34170549
34169281
34168100
34166753
34166250
34163546
34163427
34163217
34162747
34162042
34161754
34161475
34160239
34159021
34158199
34156585
34155446
34153974
34151305
34150392
34150359
34149833
34149394
34148939
34146842
34145679
34145669
34143277
34142714
34142116
34142114
34141504
34138387
34136764
34135077
34131453
34131359
34131052
34130972
34130463
34128919
34127943
34126622
34126613
34126164
34126084
34124700
34123621
34120800
34119844
34119296
34115917
34115248
34112579
34112355
34112082
34110844
34108016
34107203
34105198
34104284
34103822
34103174
34100631
34100279
34095787
34095336
34094848
34093317
34091532
34091437
34091092
34090983
34090304
34088529
34087954
34085915
34084710
34084616
34084609
34083248
34080714
34078305
34077795
34077217
34076204
34073500
34072071
34071610
34071007
34070393
34069041
34066560
34066524
34065646
34063824
34062770
34059091
34058787
34056704
34056518
34054975
34051438
34049812
34044299
34042168
34039554
34036855
34036287
34033716
34033432
34033370
34033061
34032546
34031341
34031189
34030595
34028992
34028970
34027497
34026655
34026417
34025900
34025015
34024500
34024217
34022448
34022372
34022371
34022369
34021438
34021116
34020214
34019093
34017039
34016942
34016835
34016586
34015528
34014798
34010360
34010137
34007506
34006362
34004207
34003372
34002170
34001664
34001511
34000683
33998773
33998655
33998177
33997826
33996162
33994626
33993018
33992187
33992168
33990100
33987042
33984095
33983857
33983522
33982853
33981348
33981312
33981235
33979600
33977807
33977671
33974441
33973189
33973188
33972746
33969672
33969513
33969321
33967710
33967637
33967265
33967228
33964216
33961839
33961540
33959047
33955819
33953960
33953673
33953663
33953295
33952614
33949163
33948534
33948421
33946675
33946179
33941622
33941272
33940565
33940154
33940153
33939115
33938076
33937731
33937310
33937157
33935221
33932551
33926589
33925627
33925292
33924040
33922918
33921113
33920175
33918593
33918426
33917902
33917837
33917718
33917442
33912236
33912129
33910866
33910768
33910621
33910207
33910149
33908720
33908716
33907373
33906877
33904952
33904788
33904434
33904138
33903954
33902082
33900813
33900201
33898348
33897503
33896223
33895780
33893249
33892139
33891353
33888484
33888458
33888450
33887380
33884450
33882940
33882828
33880462
33879931
33879586
33879035
33878012
33876411
33875170
33874789
33872709
33872441
33870235
33869679
33869616
33868565
33868232
33867981
33867957
33867909
33866000
33865879
33864498
33864172
33864140
33863529
33862301
33861551
33860395
33860221
33857673
33857630
33857435
33856027
33855403
33852526
33852149
33850633
33848701
33847020
33846621
33845350
33844528
33844176
33842899
33842898
33842208
33841287
33836625
33836538
33836527
33836148
33833673
33828847
33828521
33827612
33827295
33824691
33823371
33822361
33822324
33822177
33822012
33822006
33822001
33822000
33821996
33821053
33820514
33819422
33819304
33817671
33817670
33817451
33815868
33815683
33815361
33815218
33814773
33814054
33813617
33813593
33811451
33809957
33808956
33808721
33807643
33806595
33805663
33803413
33802718
33802042
33801923
33800954
33796498
33795830
33794655
33792447
33789211
33787904
33786534
33782993
33782356
33781873
33781865
33780166
33778750
33778286
33777298
33776672
33771833
33771665
33771616
33770199
33769966
33769431
33767623
33764327
33763936
33763270
33762311
33762283
33761119
33760803
33755980
33755344
33755098
33752902
33751579
33748620
33747322
33744101
33742613
33741894
33741375
33741052
33738089
33737955
33737894
33737867
33735661
33735042
33734904
33732485
33732335
33731753
33728118
33727330
33726544
33725762
33725290
33724953
33724490
33720604
33720371
33720333
33719829
33718777
33718452
33716131
33715995
33715108
33714279
33713824
33713699
33712089
33711293
33710694
33710613
33709934
33707278
33705870
33704866
33692712
33692189
33692167
33691149
33686380
33686135
33684835
33681869
33681827
33681826
33679425
33677642
33676141
33675593
33674942
33673923
33673697
33670490
33668641
33668456
33665201
33665181
33660116
33658751
33657664
33656710
33654658
33653215
33651117
33650074
33649798
33648382
33647447
33647433
33646442
33646336
33644169
33643747
33643200
33643083
33639240
33639239
33639198
33633106
33632429
33631765
33631340
33631284
33631123
33630760
33626932
33623589
33621620
33620387
33617117
33616453
33615279
33615192
33615177
33614040
33613805
33613275
33613024
33612998
33612147
33606616
33606430
33605367
33601475
33601287
33600935
33599071
33595525
33594349
33592401
33590398
33588719
33587672
33585049
33584506
33584499
33584343
33583997
33583103
33582654
33581778
33580768
33579788
33578223
33577841
33577414
33577067
33576767
33576150
33572734
33569547
33569525
33567524
33566908
33565127
33564530
33564481
33557013
33556918
33556379
33554684
33554218
33551947
33551727
33551363
33551047
33550782
33549696
33549369
33548496
33548332
33547593
33546463
33540664
33540092
33538586
33537060
33536996
33536880
33535914
33535257
33535011
33530831
33530091
33529614
33527097
33527083
33526967
33523608
33521692
33521691
33521690
33521689
33521688
33520785
33520203
33520045
33518885
33518653
33517343
33516952
33513400
33512126
33508121
33506639
33506229
33505640
33502471
33501506
33501430
33497950
33495754
33495750
33493625
33492565
33492297
33491953
33490928
33489609
33489479
33487628
33486636
33486531
33483885
33483691
33481385
33480351
33480200
33477869
33477268
33468292
33467206
33466734
33465295
33462701
33462567
33461861
33459706
33455570
33452633
33450843
33450186
33447071
33446414
33446327
33443134
33443111
33441073
33439437
33435943
33433671
33433624
33431481
33429475
33429238
33428871
33427588
33427159
33425275
33425274
33422806
33421351
33417221
33416999
33415689
33415647
33415126
33415060
33414753
33414226
33412996
33412256
33412255
33410281
33409839
33409480
33409021
33408926
33405097
33404981
33404205
33401749
33401657
33401106
33401078
33399741
33399270
33398411
33398129
33397585
33395482
33394906
33394498
33393420
33393415
33393319
33392618
33392489
33392263
33391174
33390866
33390561
33387941
33387629
33385021
33383826
33383524
33382767
33382450
33381913
33381764
33378608
33376990
33375540
33372782
33371260
33368849
33365277
33362695
33360731
33359381
33359380
33358982
33353548
33352638
33352277
33350440
33347532
33345636
33344304
33341815
33340640
33338439
33334851
33333471
33332737
33332158
33330620
33330541
33329589
33329352
33329335
33329133
33328931
33328624
33328588
33326377
33324968
33322869
33320858
33319496
33319345
33318286
33317538
33315854
33314783
33314732
33313690
33313649
33312949
33310781
33309228
33308935
33307726
33305891
33305486
33304243
33300352
33300152
33295951
33295781
33295423
33289012
33283036
33282599
33281589
33281329
33281325
33280254
33279410
33277353
33275899
33274903
33274539
33273410
33269344
33266429
33263692
33263248
33262805
33261973
33261545
33260987
33260134
33260128
33257876
33257679
33256640
33256204
33255569
33255113
33254519
33254513
33254506
33254379
33253694
33253455
33253295
33252667
33251527
33251489
33249605
33249438
33248385
33248159
33247632
33246479
33246005
33244974
33242650
33240211
33240067
33238190
33237493
33236647
33235220
33230969
33230589
33229976
33227435
33227167
33225251
33224088
33223274
33221253
33221013
33220700
33219827
33214969
33214960
33214943
33212208
33211737
33210984
33210709
33210085
33208301
33208074
33206051
33204562
33203793
33200114
33200104
33199570
33198412
33198199
33197544
33197541
33197076
33193051
33192715
33192483
33191210
33189873
33187329
33186710
33181860
33178109
33176991
33175425
33175287
33174360
33174292
33173859
33172352
33172326
33171297
33169116
33167876
33166988
33165355
33164601
33163979
33163956
33163578
33163313
33163005
33162686
33161848
33161843
33161818
33161199
33159420
33154851
33154692
33152446
33149733
33148439
33147014
33145296
33145132
33142819
33140593
33135582
33134774
33133820
33132936
33132132
33131922
33129880
33129222
33128540
33125439
33122929
33122208
33120941
33120100
33118491
33118141
33115334
33113348
33111622
33111132
33111131
33110938
33109908
33109839
33109667
33106782
33105830
33104873
33104386
33103734
33103156
33103155
33103127
33102532
33101686
33101164
33100330
33099361
33099339
33098588
33098147
33098141
33097469
33094214
33093981
33093131
33091590
33091416
33090686
33090438
33090328
33090303
33086028
33083164
33082059
33081458
33078141
33077609
33074266
33074241
33074036
33073694
33072648
33072084
33071468
33070913
33070911
33070890
33070542
33070475
33070121
33069564
33067719
33066910
33066908
33064796
33064794
33064267
33060875
33060700
33053430
33052327
33052326
33052319
33051841
33051398
33051397
33051396
33051395
33051394
33051393
33051392
33051391
33051390
33051389
33051388
33051387
33051386
33051223
33044674
33043128
33043092
33042674
33041985
33041963
33041350
33040042
33039660
33039415
33038618
33035589
33034804
33034688
33033170
33032013
33031918
33031735
33031734
33030607
33030333
33029063
33024934
33024705
33024598
33024223
33023738
33023500
33023287
33022950
33022271
33017673
33017613
33016027
33015653
33015550
33013930
33011717
33010822
33010584
33008593
33006881
33006811
33004602
33003377
33002972
33002281
33002209
33001220
33000221
32999774
32999229
32999036
32998512
32995833
32994803
32992681
32991982
32990925
32989587
32989433
32987038
32986907
32984854
32984837
32984564
32983831
32983181
32981333
32979601
32978729
32978291
32975439
32974834
32973965
32969190
32968582
32966032
32965669
32964419
32959031
32957036
32956843
32955690
32955466
32951316
32950319
32949289
32946915
32946807
32946292
32946270
32944935
32942152
32938656
32937949
32935915
32935873
32935156
32934824
32934351
32932334
32930820
32929401
32928903
32926584
32925078
32922853
32921824
32921216
32920634
32919186
32918403
32917434
32916148
32914853
32914699
32912875
32912745
32912559
32912557
32912226
32912043
32911874
32911311
32910442
32907913
32907595
32904928
32904923
32904497
32903810
32903391
32903111
32903058
32901399
32899958
32897811
32897518
32897296
32895961
32895630
32895254
32891634
32890845
32890371
32889184
32887958
32886922
32885037
32885022
32884135
32883670
32883665
32882706
32882437
32881412
32881133
32880739
32880441
32878468
32876803
32876697
32876341
32875578
32874484
32874447
32870351
32869541
32869376
32867310
32864634
32861070
32860514
32859812
32858874
32855543
32855347
32854480
32853823
32853434
32852058
32851355
32848621
32847484
32847476
32845609
32844161
32841329
32841215
32840758
32840109
32839951
32838388
32838339
32838240
32838177
32838158
32837057
32836010
32835301
32835299
32835298
32835297
32835296
32835295
32835294
32835024
32835021
32835017
32834528
32834527
32833283
32825963
32825327
32823540
32822955
32820884
32819907
32819899
32817773
32816764
32815036
32813683
32813602
32813298
32813069
32808174
32807241
32804920
32802983
32801210
32798855
32798347
32798244
32797352
32796792
32791568
32791211
32790273
32789869
32787909
32786343
32783099
32781623
32781087
32778633
32776905
32772307
32771053
32770235
32769322
32764097
32764095
32762083
32761260
32761196
32758869
32758257
32758118
32756734
32755456
32755217
32754114
32753756
32751841
32744819
32744707
32738546
32738287
32737861
32737799
32733785
32732883
32732586
32732512
32732294
32732268
32731007
32730975
32730915
32730234
32729812
32729463
32728799
32727175
32726792
32725545
32725449
32724165
32719035
32717399
32716764
32716751
32715280
32713123
32709734
32709495
32705604
32705281
32704352
32700058
32700055
32699916
32699509
32698378
32698080
32697344
32696735
32694498
32690029
32689643
32687917
32684080
32683890
32683689
32682993
32682750
32681866
32681865
32680942
32679175
32679174
32677875
32673499
32673476
32672843
32671084
32669955
32668430
32668062
32667047
32664217
32661794
32660929
32660335
32659945
32656311
32655489
32654049
32653160
32652252
32645151
32643664
32642834
32640192
32639711
32639679
32637987
32635188
32633633
32633581
32633464
32632418
32629042
32628969
32627524
32623465
32615528
32613682
32609336
32603572
32602331
32595360
32593341
32592310
32590055
32589794
32586897
32586395
32584199
32583053
32582489
32581854
32578943
32576457
32574309
32574266
32574248
32570113
32568186
32566934
32565905
32561222
32561221
32560306
32559324
32554771
32553759
32547323
32546654
32546125
32544034
32542125
32541972
32540636
32540452
32540201
32540024
32539537
32538857
32538855
32531427
32529575
32527073
32526483
32526447
32526365
32525292
32525049
32519768
32517998
32516571
32515379
32514104
32513532
32512702
32512530
32512134
32512133
32512132
32509415
32508078
32506390
32505712
32505222
32503172
32503080
32502128
32501731
32500339
32499974
32498691
32497852
32497778
32497777
32497776
32492193
32491829
32489724
32485289
32485164
32485101
32479992
32478886
32476574
32474657
32474399
32474140
32473945
32470593
32469504
32469400
32469387
32468862
32467191
32466736
32466735
32464585
32464158
32464157
32464156
32462412
32458250
32457227
32454138
32454137
32454136
32454103
32451846
32446945
32445789
32444393
32444286
32443177
32440692
32439651
32439646
32437915
32437314
32437002
32434874
32434789
32430637
32427468
32427134
32426065
32425333
32425332
32425222
32419998
32418721
32418648
32418288
32416290
32416289
32413557
32413554
32412544
32409316
32409298
32407859
32406348
32405259
32405151
32405150
32405149
32397693
32397275
32389838
32389704
32389702
32389701
32389697
32389696
32387514
32387513
32387512
32387510
32387509
32387508
32387346
32387345
32387343
32387342
32387014
32385549
32384020
32382727
32380272
32380269
32379319
32378030
32373652
32372197
32372178
32370257
32367431
32367205
32363508
32360607
32360606
32360605
32360604
32360603
32360440
32360439
32360437
32359404
32357072
32353523
32353521
32353520
32353519
32353518
32352575
32352081
32348111
32347942
32345579
32345362
32342126
32336612
32335200
32335197
32335196
32335192
32334064
32334063
32334062
32333819
32333552
32333487
32330593
32325098
32325097
32322822
32320211
32320066
32315758
32313886
32311651
32311498
32311497
32311495
32311493
32307298
32305574
32304883
32304649
32304092
32302954
32302533
32301047
32299017
32298803
32298802
32298801
32294809
32289366
32289123
32283294
32283291
32283289
32283286
32283246
32283006
32281368
32276030
32272221
32267139
32255664
32251791
32246403
32244776
32240766
32240764
32240762
32238438
32234338
32232979
32228252
32219357
32219356
32217556
32205120
32205119
32180157
32169498
32119409
32104915
32048862
