22608626
28498954
24174890
28503106
23271744
31273693
25536097
26172568
29956510
29412851
30327338
31093646
25406047
32040337
21536161
20461491
28647815
11349478
16097718
25351068
23645303
26039851
14626095
27530107
20361175
21190640
20085607
11281071
33271405
22891492
17459551
23782499
19358880
23530885
21658341
23253393
18088203
22201897
24636153
12720477
15898850
26896814
19498214
21475373
3288976
30638572
21237352
25723771
11239105
24254199
11941661
22652924
10439204
2672748
10550861
19809006
23542544
15154068
20193644
9300191
31246151
15310256
17513092
17099564
22286568
21135922
27004564
15142614
17696573
25860561
20141702
25753128
12957719
12020569
16963579
29950190
16907698
19418649
19339764
26417754
17064222
23681714
30182740
12957718
12876977
11400596
23477848
1625657
15253674
15679203
7608043
26531027
23749629
23567604
18330746
18466044
18052572
9686750
32654345
22117393
20433319
23346867
20712558
23160231
29516743
21717696
31162118
28415870
21719873
28728937
24127825
25308386
24855784
15597142
28417647
14700017
15255173
16612197
12974996
26172635
20839077
34100265
22467839
22280433
15737249
21188315
29517048
21721918
27132321
19455151
15679204
25241675
23540032
20951273
18707932
29126592
16175096
31119407
24887370
25377602
22945209
15006007
17064426
17640493
18621651
11702512
8895941
24467471
17099561
17356475
17417809
16816214
34071356
19758518
16403185
15146333
19538688
19649152
24741786
24922497
26360077
23104925
15728166
15541069
21544744
17392936
12676077
23393129
30981060
20636632
24467468
16279864
24765896
14636367
22191553
24709668
16816211
19592439
19773086
15142612
15101243
19499419
12938865
18814915
22945198
21824451
11252658
16440034
11018218
8006244
28098430
21062613
27575857
11986989
25090934
16840939
20128999
16859751
27570931
11941656
22043594
20394180
11450178
23995210
16926757
21973039
27520900
28580555
19668245
16406007
18227781
20141801
17680919
7709890
22585645
8988447
17267774
16213986
29083298
25475157
16840943
7487343
20349221
11340030
16197928
12497621
29049438
22297318
15121341
21450149
11141528
3992437
15777041
18280578
17107269
15506720
17075560
15625193
20420764
19407708
11256651
11941658
9288438
1454745
27815514
15155111
16782206
19836378
11907595
24096396
11252653
20331926
21629023
8251015
23237061
17088954
11450169
22508603
24210629
21543400
14728111
19770771
16125292
18162009
16232008
24635584
31098937
15914754
19934665
8005897
23937290
20712748
18707940
18716425
17452215
8163003
21190635
15708406
17099567
15612652
24446541
18363450
23681712
20595434
18707939
12795346
19126264
23364059
17846818
22854506
3137394
19754455
23865756
11893873
10434154
9344371
18232112
18162031
22508589
23151469
11405545
8946087
21220061
22000424
17952019
7568553
8582314
9494329
8582316
21953361
21265948
9098668
12888854
21375912
15571783
17630874
17099568
21799220
4412212
15679201
30238791
22449106
16491977
19190322
12780876
9384951
22534228
24096470
12063163
11109302
20936897
11018217
9000791
9258302
16154673
22108180
26417758
30753758
23042938
22945182
17688003
21953906
7298991
28503103
15500297
18438754
21155328
7093577
14608230
12728747
18225347
22127201
9453187
23257753
16382766
21456340
6461691
18277363
14626096
8162999
15222638
1883019
22479950
15330933
6414316
2258369
17517989
21176023
11256655
11256654
10741883
12876990
10230176
10348639
1734206
8582313
7598203
7066847
2333109
4875761
12888851
15650484
1821981
8190847
6457781
25764164
6824418
7487344
19537349
8254572
25048651
8582317
2316754
6565940
7888413
15038138
2107640
19469128
1494596
18050894
17056392
15895948
19177996
9295791
21114951
18245195
21176022
3182737
15966434
11141521
4060343
18942200
8540563
7994528
15746493
21034396
8717698
1763877
22508584
35312
19469129
4907510
12718258
9637867
6763477
2348415
19583022
1873376
12195775
11221495
6554880
7384323
3700352
1821982
11256653
20307175
14746202
19469127
1498976
17489719
11018213
15952958
9172972
1592846
1834185
4945615
22462208
942562
23709049
9102332
17002253
517227
2975037
9054809
7754317
9825169
1982721
5581169
6918304
12161664
15966429
10231995
474816
9483268
2211556
3605929
17545958
11760698
11760700
920316
7649950
9295788
1604219
24437115
6999038
3918992
8346406
4444320
8761749
4840739
1479060
14993450
3813330
531132
473396
15887701
11213466
690360
7653329
5750424
3605932
7012651
4560577
4444750
2218341
7013520
6899245
5068468
6640185
2135288
16279866
5364581
16097719
30451546
22213607
26165114
1476592
15966428
1650098
24930522
10609108
30714166
28437821
6536457
1790524
1853975
16879133
18690942
19155021
30995365
23810079
26633839
19469130
23863861
20357311
30826893
5425870
21683449
23154642
15942864
8591981
1996145
23101748
24875168
27618746
3602332
3425084
17620159
26525885
20712555
23888522
18221635
16998415
19773717
6030677
8707995
18601304
21796837
25015683
15118824
16641828
22534227
23888521
28534186
4662407
11122939
26323583
21894093
1644721
8246457
20484395
7972626
7874666
15383135
8890330
8163002
6846581
9598284
18774185
18831454
3970251
20031089
32054422
703893
3551637
34060453
27995725
9803767
2324071
23039131
1644992
9840191
11394195
10372281
19200424
12230082
471841
17984859
18347996
17374805
7899531
8375850
3711367
12974998
30447570
25174697
15597135
10743840
10743850
7234468
15597139
570256
21535420
9326854
30484114
24502861
3605931
8067506
17041167
19269516
7381452
7054156
17907246
6691425
13677795
23101747
10050651
1600897
20433321
12751919
16673693
26488343
25614986
20723274
16840940
21057424
16673691
22579144
23695006
10826664
12562743
7704891
18590480
23411094
10467967
19863109
16318817
23955004
15107722
16321726
3688284
11256462
14700013
19893338
31917906
11824840
2654543
11376223
7491510
19594500
24443571
21210322
17099563
10678525
4643600
21600327
9295790
29169634
30499409
31488793
12222089
8241607
26360452
8219382
2400020
19745655
25881582
10553761
28430365
21155323
8792900
16288650
17107231
84956
22202029
929747
24366857
23888523
22534552
25728789
18727166
15867990
12720476
9443702
26359599
436084
23681711
17190525
23835789
34015972
17479511
14626094
27029041
23640534
11121828
12475092
17430538
19347774
26369921
10800252
19179938
3799848
14691352
2043896
3402925
8205764
9491434
21802741
25016762
24330342
17868758
22212870
23519221
22945223
3356676
23570693
25377609
12151276
7608042
580261
12888849
15458562
19373712
29303954
15597137
6743943
10895597
8279737
9653705
26672503
6849435
21663432
33094434
11771083
25433685
11025910
15845751
28503115
11242431
21218207
1498979
8488750
15901234
492498
9113023
25999525
11501685
5691393
22652303
23495495
7648841
28471769
17335329
25581236
21654599
27218815
17521520
12868508
10846301
14638594
28031070
24836088
26035191
16954013
12190710
14601037
27741079
17685752
26384588
7788466
33017361
16840937
33624386
18389205
5551564
19210937
8399827
33168133
495794
17585430
24477359
6703118
23184107
11882164
15146334
17431069
10438689
15597132
1278028
22239567
23771544
15968805
17087791
18849895
20516257
20837988
25316806
20872155
18399708
4044536
29544775
12558008
25269901
23980406
8163000
15762857
15274168
20059455
25595029
30933689
17707253
7214107
4825659
12547300
25056132
11977228
15853467
11579023
18677197
10550859
18561045
25661911
3476107
5755583
6869623
31749106
22510037
17972251
12876978
29549439
12942993
19264263
27830449
21502669
645317
8360644
5717933
11681773
21188307
845563
22610999
18394813
15556118
29208408
19419391
23097911
20098828
17107235
29175502
17600180
17101402
18707933
25046246
19264262
22082788
5426623
3156908
16963126
10593058
21953907
11941662
30946542
12876994
9160592
27009535
6475649
19118904
27570930
26348597
33421542
11941657
8890700
3674628
15777040
12053634
21318195
17031775
18707934
8044734
19223079
24506190
30146246
14562554
28570791
15330938
18676604
16239159
15625225
19716179
21168917
30144670
7772653
20828594
10401459
28179047
21272510
22243040
7119764
24909246
20415631
3567962
27169669
7020819
30746808
22901015
25659836
4022827
29361850
11875241
26297513
16848664
9716278
6691782
17029492
25738578
19255053
15898960
26388529
15610832
1541713
26667520
12613189
2017564
17508317
18538910
11018230
16140445
23837831
11838634
9987208
2036540
7262725
18689283
20087150
7373562
19909833
26961121
31159553
17653869
15650489
7993960
12466760
15541068
15762851
16050920
19451753
9858078
26876315
9333714
28234724
8780426
24666714
911221
9653706
20358357
18402496
1197480
1541607
15896214
14738068
25726951
25601625
23864160
15596339
12888850
12547289
14523513
11806868
7994529
2221182
18789780
7881787
22652927
20655113
20492556
18707935
32615028
9674931
6421804
11121829
9161762
26297903
26898728
25564191
12720474
17466374
10628891
10881986
24854771
2317096
19624395
22212871
1776187
15554789
17433450
22834459
20636636
8582315
16530847
12394535
17452221
23124174
9401322
2084769
12876976
29436701
8066834
11907591
11383960
8010149
6399572
10609419
20645894
8446736
921520
18041877
6554885
7354017
10550854
28793173
12656938
31613981
10900933
14986671
9241946
21195482
23214163
17077437
14636371
12956814
16176434
19648198
20675966
12094083
12890308
2016250
32025903
21507138
16890994
3618278
24922493
24679993
7665801
15225150
788671
30216712
19403101
29045770
7843052
22633181
18687014
19110976
7910954
20723275
11925317
20586689
22449107
32305373
7608048
33412423
23919261
2742024
11910958
20586688
15717980
21267744
22652925
11433879
8298841
21304116
26172637
11153811
12611821
2572951
25900469
3406350
10672770
1342572
17162655
11315516
22076853
34080455
302464
25764166
12200211
9500682
32174473
8351316
22290694
18326369
17489721
1828997
8163001
3353542
25034133
22490265
17974295
4945613
26646046
8439173
25533908
15869024
4662490
3688292
26316422
11156828
15056543
18751610
28832904
30144720
33370731
24270474
19909675
18567980
15802086
24917477
24308278
7247642
9384947
16542180
27631140
18610907
21667886
28829159
2920547
10074872
11532528
20603740
20307944
25236563
12882210
25554993
11172868
20414161
10749283
2084777
22156934
6901097
17144643
18076545
2507592
4075034
1342669
12780872
31266397
6849454
10030478
25640667
10665623
4670952
3646838
23848394
24880508
14601031
16552983
14601039
15575069
29928823
17640501
31967192
22392448
15282355
20205552
17171603
11086590
21535422
3360097
26735322
7653336
15117403
751465
20573324
15136794
23433056
3182744
18378831
22365650
25594775
6055140
19999061
1362270
7171103
5468459
26621076
10081428
2900993
8435694
21810644
9702744
7640991
2084782
32966172
12519100
17441565
6691441
20627389
15471909
24024220
23588164
9432516
12167505
12479669
7137404
4925660
24245529
8313611
24034354
23395230
9042683
11843777
19034759
18520735
20516164
24935683
7982874
7625459
8488741
23454551
11371003
2193316
10085747
15597131
1579605
18076535
6554882
595914
22945195
15853475
7790670
27254890
6739605
9122285
20307176
9387089
6850179
12547296
16449464
24848559
20297889
18295149
22497876
7396658
26424419
22401272
33876513
9879784
9785721
34440998
2043901
9171907
11973121
32485485
7199361
21426295
19578691
28703992
34201098
15895951
32505122
11465308
14658941
21041621
7044031
3826447
19906354
20712553
21850462
19702927
9989549
19589046
8007419
16165258
8885574
16038595
22677750
14626779
23223893
14977458
8253697
18707936
9741960
1342670
28393474
24506989
3963267
28068464
17921752
28503110
21476247
7840364
23441382
15645064
14519084
8619346
24389266
31070452
15780699
26368941
12788242
23652689
18582182
8422225
23452643
23379960
17199055
25035161
8890699
6957901
24461271
8936905
2608151
17447826
20463777
12780877
8197273
23581786
31521023
2176043
24074466
18842173
10205737
1342672
32222302
16038596
7223986
2877976
21114945
15950197
15693747
24359848
33626525
9585722
21720979
17364269
26080185
20486488
23095585
7881791
16597178
21674917
984258
28264741
17244183
15255831
7840357
27634550
25134871
23995160
34509784
16491978
4019814
6145037
4182660
12877007
16630705
24042249
9549951
4738178
12876549
15870616
1777532
1588241
12607219
5344993
16673692
21158178
15371067
16425769
15101505
10826657
8498886
20473085
3096412
5015448
9344378
25238903
3702024
24372893
457621
1221795
17195735
19541368
500573
11122994
24637812
8677721
22085472
19232018
11008850
29527766
19329543
17094929
25750600
25942436
3268883
2000607
1016469
7078688
30826493
12832943
24341075
26400146
17360042
17163811
6448888
18345425
15968241
2485470
6909970
19081579
26723135
8277137
4448593
10550853
8115855
22108187
33389525
4016663
3728736
12478877
6837802
12174510
22212875
1765576
24002206
31830342
22024007
16140444
26475628
25265148
23775059
3921663
8679794
8731068
11254017
752280
24279399
18076532
15330936
20306779
11356233
28829520
18695352
21625986
4588325
1972587
2863259
12233251
26340505
12845288
11254024
23279987
23810478
9660696
19476453
3391982
14636368
9712215
31840595
28342679
25964504
3164866
11531738
2221174
1562076
8811161
27566286
1757716
22903311
12467490
11244379
12479689
8379579
1292097
4717025
30036171
19133974
34519288
6578542
8328560
25225005
10686972
21733484
10730209
16816219
15554795
10609420
16728912
20882710
11018212
15994703
905462
10956561
30274645
15708407
9298454
9771814
22446859
18788676
5482999
26591079
8023199
23418687
16750271
22842021
9291717
25195710
25772638
1117293
1600904
15745122
18465046
7501761
6572985
24053041
19331785
3751658
18982176
17042878
15168839
8238665
8434681
21093059
11889351
28760020
1343760
15792852
8178681
17064427
14977457
23758923
25425421
12562608
26249302
7665803
15554775
21357877
10637687
17064432
4425780
21404154
21357873
12964296
7615488
11530734
22945202
24000537
26827409
25219620
17537283
12807370
33012081
2397357
6034465
19786073
12380114
14550938
10337214
7623505
26417759
22027942
30981096
1342766
26417761
19267706
1055899
27064163
26072266
16399734
11018219
8494066
6626861
31091027
19241616
23982298
30477660
23734877
3790881
3779307
11097167
7591696
12042177
26083810
10550860
29764726
22251049
27526319
2874129
18935920
12509683
18777228
20175609
30935484
22443248
8416017
27262007
9359972
24206266
18855837
14705534
15213186
11823275
22103804
12547979
31311335
18838628
24962449
8494086
11814388
16730920
44860
3730716
31113507
10973937
17688005
11292516
20386876
17881137
20160210
15555701
8818369
6614242
26792232
12589899
18683292
22768429
16524490
31243748
9510223
21320259
23691815
12773273
25451446
29674226
14601036
8379565
2873546
12873332
23131090
20627320
3631339
22352005
18707765
20560856
27744500
17224093
24200543
6820618
23998912
6906708
15541061
4055717
481386
19424524
17403961
24152091
11153813
9219041
8199790
15136795
7646680
1502514
12515840
10598513
2340714
26844965
21205811
8682764
23898851
10212559
11532527
15938706
6779508
9334538
7116827
11753745
19931918
23857830
31264045
9840196
24628576
23573633
24616627
19954751
2084775
16061762
8134878
1319660
25156468
16841638
28440210
18058287
665847
27727242
2960412
7067433
7883741
15529230
11925348
11982261
8115854
1757719
27508348
17628675
24707769
6068538
426132
32609982
7137414
18676024
26416915
2727202
16155508
10401923
8879911
26061032
25194467
6898787
32421593
14606229
2436290
6846582
20420770
24064398
8882913
16449487
10781706
1478133
18199480
20586683
16567730
8088244
23932528
1547301
9534021
9142358
15371068
17354070
20360333
4416444
15673617
26130197
28687972
11773658
15984894
16487492
19356155
17960958
9167516
24797824
22977268
16403188
31161278
19317955
22429444
28077190
591769
26360884
1223671
23473349
5710686
11757394
20625990
19909838
7373563
22817138
21912822
20071149
26363263
16865528
14525554
3661250
7116828
11156815
26367266
24059138
30579185
29510813
22409161
29101875
7608046
6418857
30599797
1564030
12505807
21966867
17969869
23886783
17994189
16963583
19527764
2948988
16362841
28850455
22187728
17924823
9245152
23101749
29128113
17671294
10741882
28503109
18687020
9435756
8543524
6614227
2187656
14601033
22211441
23600771
22070611
17640496
9288439
6428174
2731427
28818612
8115853
27816074
7435733
26187800
10357021
7453904
23138622
31269819
17115430
18402500
23581787
26859499
14561439
33834734
28299858
20201858
19243457
15187606
16646747
23681715
16050610
23720832
25704299
9359971
9006395
19689277
12709448
24445165
26812920
6846594
19573490
19414900
1750913
25576148
21095396
21629013
33271644
18990364
30717645
24308864
20619615
11488368
19498428
23399752
10510697
21135334
3502813
20579791
31062409
19265641
26554324
26417756
20141807
29369487
16446863
1279790
23529869
4101468
33164215
16411981
18007572
22508601
15725967
15830833
3182743
20004288
4848402
8829075
28234722
9288425
6911721
6902694
23842014
15222775
16806102
7623019
24852228
10722181
2975298
19309324
23663934
16318439
22726407
22945188
25550235
12890311
28796389
8511663
16466293
31940011
14561948
17017819
6456292
10789285
1498978
19685942
29734096
7751260
11172872
6758005
17484838
8932896
12190715
15679212
19594513
6402936
8092351
2167589
1883031
26528666
7149076
7460559
25261263
23922040
18007564
8135682
27063557
11986165
23766743
26790339
4003601
20653913
22804920
20672424
26021969
29446039
2295594
28002572
23567592
20423583
12807364
16176731
21434744
16379511
31111977
28060532
27185483
21971789
1912112
24947918
24855783
18070834
29530104
9606896
28418485
18277366
10403148
6902692
19356739
28789589
33580439
17088955
12680906
19150704
30019742
21088584
32267096
17619540
9684564
18055949
32093795
20712755
758801
19852904
434252
8771221
22721999
4435280
12068674
20098826
18266493
27179557
26310796
23995174
8238664
19909834
21489637
6336383
24958731
28792172
17805214
15541067
21324287
6579102
11549410
24343193
14609495
16819565
8835162
34207966
1884599
3826429
10705594
32876129
23870492
29542331
27569010
31732367
8959466
23465195
17546531
24034447
8173817
20868643
25048003
17099577
8925509
18789854
19889426
10357022
29173599
15708426
3268882
15521823
18674402
9549251
20021317
33918462
17383012
2293776
18569041
22801288
31256579
10743851
25246322
8830072
16542189
23588163
7377413
18365366
3063509
15693749
7069568
22191380
25096790
484143
24113853
17029494
26688288
1480725
15777356
3123813
8138378
28600868
29343875
19923191
15330934
28341435
22070456
31957692
2877364
4781524
25261630
10401517
8038955
25248008
20186968
18312028
24517177
22401485
11772686
20869775
19635242
30784163
7984695
3716704
8927676
17999274
33387742
24072567
23407207
18407469
26257089
20712747
20732746
11561941
28784386
9166651
10836280
10485640
3419363
29596721
9172975
19751541
6758006
19259988
10636711
16511734
25377608
15762863
24185234
3847037
10760384
454101
15650505
23149279
421041
19091942
7129370
8717697
28503111
19594502
16876306
3082207
22128808
17988356
28987035
15708408
24610817
6536963
10743839
16688738
32578689
26643014
8677218
1420643
20716479
23639892
30175881
25702367
23549937
18568453
16279865
22406334
22548897
17372540
19538691
20625369
8254145
22357338
29145856
12944087
19026249
25108774
746363
18683993
21742381
2084780
31409193
19725422
30865786
7751554
18816150
17853373
29869403
15708412
16094553
28097635
6849438
22408115
12202453
29465902
27358214
11869778
7761938
23736884
548272
17064438
16623657
27595228
18325598
25893554
17324021
24868318
28272132
21057399
21851451
19926262
22489390
1883022
29267510
31917909
29191030
16965184
3965036
3378412
12720480
20405399
32134853
5112605
24856559
4813135
18387779
15992392
10199100
6858715
34730064
12974994
6480567
10482346
16034279
26946486
10708275
21320256
32143176
20021321
4368717
33990024
2335499
3398350
18227782
29195773
21474592
28922005
7792337
9433565
1600907
24739233
17543031
21621268
23370622
9785706
16202184
7220776
16696128
7322550
20597183
17333635
27570927
19754457
17464729
15895946
25451419
7149905
27304255
26778416
31453713
9248676
26325453
9247424
11481182
8988980
1230302
16696832
20041422
28593691
12222085
1587511
26047958
15536492
10088052
23898853
20507671
21304118
22306485
30644352
27035073
3343198
18819715
16840945
15928361
3124634
25316803
17123632
30439811
2860201
5722601
16696836
8038936
15654938
17284237
20564877
10626780
7817188
15597134
12462295
1880309
23395234
24902989
25581235
22914639
27141653
33081393
14974130
8630482
2869253
15538993
17163803
15935253
28457989
3425080
19265648
19794362
18794515
10363670
17029493
31629303
16026488
17081077
20166793
15541062
10550858
12397862
28587689
22560773
27670831
665805
31188456
12509206
482877
12596029
22147807
27479100
9619158
991626
19153918
506784
7460563
9495603
27112120
15948765
12197854
16735031
9888121
15708411
2324080
3195675
27903039
33706410
20148863
29478517
12601229
15759347
16946194
29746334
21601286
18389426
698492
16800717
19754459
22589229
12479674
12890310
10626917
23968367
1591678
24804976
12479672
25377607
8436370
20514565
27214973
7652143
1647090
9845183
28196597
8355230
2857534
5731876
10626782
22551790
19359453
19133970
12635565
8058866
3836830
11410445
18701169
955520
26467098
9803748
5087316
8851643
20868459
8557886
26529373
11869749
25550234
23410848
21601834
15003089
19538684
7978780
8007404
6714948
12888857
22406337
19744075
1625651
14601034
15966430
21397335
26417760
12788241
15762831
11242904
20693464
2875249
7097911
18678050
26876325
22036092
12174509
496558
17064425
435012
7904253
21676135
30987559
24378866
14986446
7560137
23830000
11833632
26002967
19896205
19462868
21779097
24364852
18323755
11869773
3559536
7568661
7082698
5143412
28264727
7171912
22664552
12788239
25742201
17012663
1831665
7067425
22459786
20868629
12222078
17368155
14763013
21557379
31751444
9322132
10484955
10638860
15630121
24102953
9442736
343505
11221500
25152315
9293206
23642977
15832072
27995622
28668712
22004113
21145566
1833507
3145174
3826444
30657129
962490
18763224
5569406
23331090
9054807
678046
19270626
30267016
16403174
17230047
19552962
12047499
17644769
19906078
5780724
19026923
20480599
12086227
28714575
7753248
8191749
21850758
13129995
12042799
29628501
21961771
22108396
29099551
4017561
18235426
8768343
20435449
11113988
20636641
10360170
28012467
16696835
21040286
19200693
17292705
8721894
17537285
15667236
12938866
25656934
23142769
22500305
24256102
1041253
29489074
12391800
7264180
17988372
7883742
4342641
23852105
28271818
30422372
28888714
21532374
8306639
6819839
16351389
1728166
11469673
12875220
18070847
11823277
9359118
33486278
26395448
3526546
910973
10459748
16862244
31393750
6900728
898266
3337278
1974746
18316425
3728723
17391360
19904712
32822516
27995674
8644974
24458671
5705478
10440464
16640235
19025230
15571789
9081558
17688459
26729845
5038173
21112093
15526254
24909395
15104881
11099744
11249806
3379029
18277365
22840633
18234352
17253526
21292450
32381369
16413611
29947606
21903278
29675657
16816299
27462036
19490199
19203484
14672791
8232828
10671427
10459410
17601484
26727411
10732664
27746310
23669874
18082182
25022775
27086251
8085703
8827417
19748680
6560274
11121824
27816324
27310243
11983188
21304129
20520298
4094680
21939168
9387088
27779625
31283725
11430848
17680925
8707455
9013409
16542194
24824630
22225677
8478503
22284017
424094
29199890
17484846
24882181
11987629
3987460
18402494
3068940
5700607
26812916
29737181
22508585
16880480
8770527
12648890
22970986
2005067
25029688
29372661
18076906
24687045
8147460
19650533
30032467
594251
986289
9133756
18391136
18474202
15893115
17716034
22739511
28429098
7864261
16318825
30121189
10854638
1544020
7897054
15725966
21142433
6229565
18496474
18849891
16840941
2307666
2814512
18198241
22987729
11552955
20795792
12507751
8494084
17267809
15968803
8831460
25537487
16950516
16411986
12706953
7059786
4117734
1429957
21459455
1479137
23691030
31021488
17562698
2084783
24076157
1415815
23799945
29907968
20617637
8084958
8105181
7187874
12524579
11812578
18707938
23202630
29239075
12211891
8682751
15515295
19057399
10550857
22510555
17688004
9481807
22709480
23402737
16038600
34278831
20118453
18271904
27759213
2347830
21548861
1490098
11337814
9205428
27097559
28257173
14762232
31751878
24306039
6265629
4456440
21485450
32957382
6691424
12923703
25200189
21158598
25765438
10232295
11052408
8306239
5079783
6486270
27616052
15929925
12507746
26324304
14978467
28864753
16179813
10743852
15505521
18052553
18778445
6627193
26001717
16202180
26691629
3053672
15744223
15902809
18533760
32379607
22588681
15291676
16361989
3630755
15876571
31521844
7886988
18221633
7792568
15635595
16879136
16262104
15826738
27007451
1537767
25600576
19117610
16013989
28387210
16379512
11143627
7225495
11740163
11760465
15142385
16569927
16339611
19026272
27848174
10507523
6731642
22104557
19666076
27442964
18752718
7836345
32910844
9606526
11941655
20361895
25543347
21658777
7428545
32147937
6691489
4672064
26969299
9435757
11722154
3676988
29508379
551235
23822918
12007074
3584013
19589644
12888853
7056039
11292515
10552175
25450512
23890763
29383413
18580551
34507223
11488375
24206928
26480234
20141802
12507750
18412842
3948110
22805501
17156153
22729515
10826663
20552676
22475092
16218763
22486848
25882812
7191529
2300837
20583140
17970840
14978468
23382566
18360193
8894065
6406450
29076931
4073300
7900454
32109804
8398947
30747559
6554886
29691466
12193244
12949209
19507161
1550465
15136205
9172979
20141799
10881985
30015785
17417814
21155324
487797
23871126
11172870
25218398
25533909
21995725
3511741
7058254
9588307
19320531
29995161
30496051
22713098
24475656
10544645
9771821
18090709
16696824
3771505
5686575
22579163
28725956
18450667
26459075
2688777
25392340
8707999
15538996
12706948
24495405
2116228
17107742
21857009
9056129
29367058
20233615
12895204
19190513
12416605
28864122
28588455
15524099
11288369
30060262
17242624
23261011
18677200
18192025
20414160
25523965
2496914
17230048
6693865
31530330
22959682
15938709
19415453
3361414
21047158
8682977
6682307
24905547
22115139
27570929
3381947
30593396
23528024
3597335
23351255
5546035
15242325
26742510
8147448
16551672
23570469
22945189
9247423
17650979
26265551
6108577
2386269
636784
9333681
15261712
23123132
25236553
16391385
847042
31426917
15708418
4129240
27847931
12547294
29329044
27810614
16194769
19428491
2750997
27240050
20712557
9439749
15962140
21265949
5909456
25638852
29084191
11869767
2289093
23084796
23818536
443087
12212524
26498139
25830457
15529087
26185269
12795811
11926074
2622313
1447430
11762208
20678610
3635272
8564512
24076407
15614839
24656684
7598358
15708423
30103785
2084770
27218817
11919368
11919367
7710190
9657417
15762864
7608049
14636361
23279992
15762858
27889597
12383028
17107262
15538998
16170918
8010357
4258749
8401980
24051690
25011691
8681262
8035899
7090901
33153268
30445874
8040506
23885527
10477933
17914677
21443575
18849898
22631620
18277370
3093907
15920383
17230046
12650959
21991770
8213204
23182591
7822578
27144989
3324153
8214199
8988799
22070393
16511735
16669715
3124189
17562693
12167529
26417755
26258489
22949289
4150691
10397403
27855560
16256376
12880938
17525972
17630815
21443571
2146302
3344801
17119499
7501739
14609503
34407624
18837872
3432543
17952020
17640494
1443252
27741464
6735990
23672587
3799847
20152296
18687385
15863738
91895
20856823
18324662
15023511
12944349
15236660
18689285
12712666
20123822
21565468
24597782
10560900
15005751
24091305
18419323
21278544
16512281
22995965
24298757
16436299
15383139
2022118
21730804
9074308
19624385
19038460
32991768
20194491
8617699
7250912
14964624
1888799
15654929
22566563
34068605
21176033
11153808
30814043
23337654
1629392
862509
4435604
21292927
3602330
454102
15207935
28696841
10826658
9228895
655292
5119301
1226124
9288426
20051706
10622173
10900532
15205762
20040069
25142295
19896972
21550050
18554164
2001443
33125821
25176260
18389521
27322769
16450486
25440307
25010702
12363122
16837055
20587365
31407477
23995161
11441787
11097985
15554794
8289697
2288998
8619341
22404205
12656940
11941659
7119312
27128723
25066100
27182964
7619980
4153439
8292317
22212868
2095944
8084977
7221667
15453104
25598287
12551735
18826465
22621171
7091440
11872515
9356562
2405329
27128358
6847988
7252430
14511093
3597338
23712723
16696837
509923
1773409
20712554
12372227
23993441
25962985
24853295
15685125
8501452
18043527
29726068
15225144
17042890
6596582
2485471
5284488
20190604
25700556
21155325
12143915
6091464
21745128
17064437
31522206
20444581
15959447
15708413
20561769
20064125
12063148
28922592
18199232
18199230
16997381
10802130
24961757
18262204
1658103
10512606
14627885
22134456
28346060
21838734
32379553
25377603
25863008
17479512
23391164
32437356
30096212
18786606
24655772
22945201
15179670
8401970
17064431
18277367
29782956
12814856
447611
17042833
10784489
7977902
23890698
25968603
14996146
21272520
11789475
19922558
20919490
2944932
26329573
32470722
25823166
4628472
6241210
24745469
17915082
17449159
12507736
12880510
12777278
27572660
7676865
4449908
24562492
22840466
23510130
15232342
15242329
2096264
26348588
18076534
22159936
3726007
18191551
29441665
20827274
23522391
31014945
10418811
6539329
1544014
3863467
18474203
22070541
16171017
25300245
32560956
8564312
3189612
5574447
26830885
9066207
18335361
15762852
17512606
7150881
27286368
15971642
10465107
12145491
8875673
4076496
20824967
25550232
1271457
17547579
22559293
12839428
15701098
3658054
12014593
16635925
20129674
19699536
20361907
34715029
1554052
23948633
16958032
31446385
17224186
19672137
16113615
23132284
21443569
19589045
26241867
8541936
22449111
18515899
8748439
10507519
33285390
17027087
11001612
12607202
5200798
18289153
21443566
26691725
28169089
27641241
27920061
8993082
3722132
19415600
20146832
31521862
19947781
1454912
1770164
9717864
24643826
3812788
21796738
22230650
33541713
18052573
8271641
7348279
23279996
23887444
8582307
12190716
31146140
3460356
16449474
25696783
19490735
8773829
8498885
6615157
19807719
9702745
16783496
8044751
1180665
22877965
10727195
10693232
9435770
8938202
10077293
12085684
9136258
22211280
28476640
15491230
7065298
7267886
17335643
6644148
18942039
1776496
20656360
22044486
9081551
19956019
18199231
7396659
32245436
19454918
8599421
4848244
17691129
22833879
19188286
26479256
34091393
3151382
28472701
5143410
19422756
12372656
12392350
4511362
26781551
24284641
18400467
6143203
21653886
22212872
11853360
22447090
16934874
19248917
18759550
12656933
20138016
31282492
30153871
33322430
25310199
1647089
17912251
8582302
20022384
5010898
23901682
2399830
1770163
16225562
10885179
235849
23544953
17640499
10854640
20843258
18691997
27524499
30879780
11531652
7755143
6659137
5062033
27679680
14999666
20174858
32219458
5077098
23212056
19496037
34325167
18569038
26132699
25039396
22733381
31606138
17029491
3544880
31830938
12826458
6464827
11177783
10824296
747727
5364582
31411658
27839913
20606246
12222077
1498954
25577160
3567961
17224187
16728842
6752513
8247702
19853922
32627161
20457470
22889526
25536098
26132698
8432961
15323586
655307
2286718
18056109
19793639
23470603
33203541
11914172
21508436
1410078
17201862
4073315
16582068
22944191
25060968
8254143
9020993
27870505
16426113
16893527
19836695
5554017
18340269
28027511
17064424
20036353
18191148
25618475
1600901
3667736
3676607
6494343
8851257
7883739
7082711
26257147
10386176
18689284
7726943
6889171
8847672
7108494
5670083
2132555
17307253
17099573
10471117
6441929
1939933
30274650
21084787
1786237
27442023
20504058
1609864
29520717
1359799
27997876
26485974
18684436
21658693
3680608
28517032
25236554
7577770
6222091
18681760
24402464
12082561
14632587
16403180
23489403
26990158
21057422
20478632
18090702
20118450
23754681
22126635
21040290
1230136
17151180
24974829
28605240
9142364
2521645
11847491
26990267
29268003
26314632
24581830
25284280
15306144
7643738
17310917
9029659
28837940
22553107
17042826
22070572
29415803
2133622
4025639
11254022
32553395
2763860
15276665
22980404
3988721
7694934
842743
28503113
12931701
2905508
21553935
32440813
17694481
1933758
2084778
23810143
18076543
12565131
17158482
17064430
1242227
25041984
22319897
12517284
10823297
15225145
11772680
6106396
12739915
3031207
6149782
11343533
12450638
1728168
10676836
7976459
23381493
9766777
11903206
25194314
24963750
5717288
25258392
15571788
21249407
6321918
33951969
25135783
19267698
9603568
16426095
9513752
23766341
1742717
8422217
1792922
21237353
25650671
28636572
26116493
26876320
22040208
22726409
19419390
3705990
22532326
26647872
27039012
21435726
19500092
2690712
9812127
21916824
17391359
21448093
28866717
9778607
29446217
22484201
1352049
17680928
16129530
26769120
23565916
10550855
25570609
22100133
19122534
26890288
3976409
5394482
23279991
8288168
2494152
11187420
3103474
26300230
17162626
25560193
2378550
20636633
421451
1559082
1815442
12479676
16038597
19497247
16411985
29407727
27593623
1223650
5750830
16125784
9550745
18271902
30928726
9055838
9921001
20878275
7065307
8626366
26763110
4672218
23527993
24856551
4589148
15383127
15684235
9021843
24977970
22983943
11379841
12204325
18483012
16542192
18366365
16027739
6691482
27310106
24080255
20155604
28497736
3811434
30584813
30075389
12366881
6527762
11761043
30333004
19285348
24210625
3123467
26298538
1827644
11015633
19254449
15654928
28258639
33065815
19429131
26778814
19902584
5711818
27810725
18664256
8749982
16199850
16275206
20185697
15554790
25344393
24733084
3963247
26480937
27623124
11907592
17341174
15898969
7177367
7460566
21470688
31526406
26189642
1933754
15966437
5087318
23517886
25012411
3771504
21208580
20448519
9515191
20571612
28975282
23617548
22772681
9555604
20231037
21714360
3697218
21683450
17079023
12798256
20878507
25016490
17728408
10524835
27617780
1827642
21050421
8720365
2870696
4746148
33535087
17201028
29983177
8373927
1491352
1757672
7593720
1845226
11356245
30551320
11097168
32146538
22622294
24656516
22806216
4048314
25496759
15079146
2403790
17019350
20538343
28906586
19276630
1776497
21870305
19264271
19689918
1177948
28129636
7751259
22508588
33038698
30932919
20842462
19150691
11286822
25237731
31541587
23601141
34725060
2563933
20361913
29031571
23219057
22239579
23904016
7085577
2278987
8426899
16572954
9567516
325624
29331693
25431782
23021378
16457111
15842025
15597141
9500687
6850109
31752508
18922234
20458676
29857293
23549940
27663044
16879132
32496295
15853533
17391343
18977274
27233969
16075661
11153806
17445513
12680900
8946806
21270973
12792837
16426112
11153810
15867828
19339914
8178665
22375965
16411976
7829049
15935249
31955273
16342281
29488889
12450641
12025441
30047784
20047708
24480930
2282885
20466435
8827187
28942955
444016
19222987
1869502
19432388
33267638
8464576
29579760
21334534
2690170
6854289
19996503
28437059
11252644
3074848
22132470
26341581
10335547
8818383
8349491
21155322
28612649
31610086
11903207
32054361
29787961
9340660
2021303
2489936
10710967
21918448
8092333
259047
9778606
23378998
26472650
10401516
6867235
10609101
32598093
7480456
6814397
4017940
4116781
5053716
24581833
8401957
3884739
15208783
23421957
31529809
17476362
23706065
12842302
17064435
7365494
10609423
288468
4515947
9585642
4849730
28110877
11315512
24751965
11559864
1770968
27025465
25937504
18386405
17500309
24855890
18833457
1479134
2049022
33450097
27855308
24844980
8271632
19766321
14654872
5286329
22000157
17391349
1545043
3535545
8084674
29348073
19673090
20374145
3602337
18357846
2912286
30920970
27294331
17142013
21692606
29436699
23603441
12381496
33037692
29801445
1540777
1498960
15995798
11433877
20708439
30346348
12676429
1541712
12944339
11005060
720040
3348456
10357029
24074482
14643095
16893877
16279315
18849897
28044944
15117405
17451005
9676161
17328314
10665622
24261207
10357027
1673076
15968806
8007380
7420069
12776396
22884011
22079454
3971001
31846903
10668594
23755739
2167588
27406926
1541721
18340255
16135623
16719182
22711881
23088582
31829002
25550236
22056292
15671138
11246098
24943387
8375793
11985840
22329468
28895274
18277364
1503154
3118974
16260043
11099745
16280332
3661786
887159
4274803
3697436
19041142
694455
22133979
22831755
17059847
23528067
25462111
9114953
1491353
24437137
15181482
22945178
23171498
8120153
11824841
25468627
9742510
17275096
32419481
16837060
26228404
444017
16478633
24590844
27111134
27343410
25934154
7480436
23098329
28949313
14999656
1013245
4602579
28941032
704718
4073330
6888616
30403274
14525556
17335331
20473078
3605415
7417929
20410732
21185082
486621
8227764
22608052
21611126
16899962
31637991
25187444
29902369
9139286
27837572
9524982
29091776
7803602
9515190
31453901
7217027
25801523
12888852
22959237
15946781
30508671
7272626
4711760
4562666
3935307
6577480
26977102
32068325
15666961
34297488
33055293
23107221
31078791
21189229
9337944
2125129
6507667
7457661
20148865
27284081
7625460
9926081
6757902
27814503
20589507
3136227
15345761
8573048
9614596
11725216
28953793
17464655
18622776
5612973
22264359
1602429
17029489
15556116
18985295
9857972
9567704
7993489
5167412
2968387
14575732
25156658
31211354
24027239
12589898
3288437
22078242
20459369
28241891
17347355
21037144
11001611
2925596
10475728
17582509
6523965
23098037
6883496
19105856
18357573
23768529
32731080
1299304
18507485
17111063
8312984
9286198
11097987
2137468
16135630
2905521
15572567
28648566
12974993
12392348
22108184
15555715
26238269
25451416
26545613
24215495
11437754
17845279
5418650
6321919
21904095
20807073
23121907
20089312
122215
12890305
19767349
31705498
15708414
33683806
23550737
17924244
16566850
17099566
17318007
7116061
548506
2760005
15207927
1728159
2857733
22325698
12409868
17479526
20399339
11907594
10404708
22467848
28944553
22652929
23237861
2343914
26342885
12892540
22401483
20565441
21940194
29983179
30480855
26993616
9285084
1448542
18849899
20190605
21255755
22508587
7377408
25687772
33310012
11874216
8871434
23980584
24359852
11869766
7357218
19706875
16126647
21123313
21843275
11294154
25064388
11426513
20414159
3837744
23827534
22563572
7883738
4607774
16301893
9108815
6858716
6806837
26729844
16524631
9653704
15966438
1884346
454103
21383237
18199238
8099591
3250668
16933681
16020172
8927646
7457170
16741196
8778084
8298844
7989643
6425825
3157721
10363672
7568557
8007383
23561484
28183076
30173059
31764799
23076608
32917393
3192819
16546264
9392895
162182
21676126
3605930
4638717
5084285
16728911
11426507
17202550
17391354
8252292
15023510
27831463
3724995
2131143
18187963
22945219
3998160
15898966
12570067
1909111
18083013
3314536
2011618
22212874
33672619
9117470
7388237
7164481
548270
24439831
7995027
24241504
11093070
15005756
7952980
19594508
5106848
25359589
15910215
19015629
25563568
12850664
22508602
7972552
11349236
2327490
21480052
21205433
26084666
12738039
26881339
21601292
29930228
3535543
24527885
8837920
3150843
26595474
19270763
2325791
1766578
16427135
33620723
21106249
32889689
30117296
17433541
389127
17926671
11552959
3800581
14961931
8296891
20572449
31128591
1269295
1650097
26812041
15049770
25451435
25717483
696928
16013895
376222
25004199
19726644
18595178
26874463
1721240
11116797
24590852
16551673
3429701
12706949
11433878
12934983
10051061
17042882
1057297
24377402
7895120
25383932
9387090
24796943
23857742
10386197
9658679
8837924
445859
26740604
16220655
7137405
19931182
15123490
12167515
8295640
10738866
22468585
30639563
26905615
10588413
25190429
12479677
31136914
9426881
6631433
21304119
19461259
28733036
15685401
22116961
12507744
18837870
15701069
21894127
1779415
17131571
22052179
10621946
15863815
19115455
17162825
26164053
26897294
28257447
32609945
30743017
23301947
7462170
17804081
8929050
6622730
8232837
15571786
23842019
15274463
19102673
28960669
1599989
3942295
24459113
25479050
9858079
2084785
20453536
696376
12633125
31755171
17671287
17451018
17156154
14636372
28841488
16768664
18702932
16112848
23790741
3335487
30328224
19581566
15895952
15554779
617221
3167370
8175248
15488963
10509618
12680901
26231750
10686973
17640495
10402625
25892256
6637292
7244039
12507732
24574307
19555719
21304123
27741027
18514146
8038299
2084784
17845273
7578643
30145308
20712754
25252225
34112182
34166526
30146088
22088366
2903142
18996602
10824667
10761347
7454308
997583
23224475
12068370
7159802
30529318
14746203
9585715
15208770
9356772
25554538
18211555
20712561
8296889
16601825
29228982
26926128
12364668
9084893
12858152
25226195
900303
5142760
5248244
32306467
1600908
10507527
11426515
15362566
32579284
18384245
28258526
3436001
22727729
3151399
25370283
19596447
6496149
24282923
3878663
8254153
33641060
7918509
8488218
24828445
25827034
11153963
11129306
27520890
16199011
24246363
29065864
19707957
31721386
7794204
9105958
9256584
32402409
2211537
21798515
16426094
18950370
20374154
18199236
28800706
19594511
26667844
11883727
2768205
12880514
8823350
6857650
24060589
16055786
22729334
10683632
15863822
2881209
22423377
15242327
3160734
16946191
15555714
10595688
20398694
11880944
17845280
22945186
20405397
426116
837824
25142404
3223319
8780445
9217412
20182915
25263277
14996147
21185425
2505295
19120045
20712758
22534736
16923043
16168792
28847296
23394017
23601168
22692991
9595826
25093796
27344618
15880391
4037131
16647762
27764692
27235986
32664026
14700010
25687279
15895957
1600903
17588231
20810001
17894035
64676
2113802
23276524
23366336
1760392
17042883
3968047
19556068
23145371
21237358
27107808
11511403
19448190
8297060
7207567
9788635
21489298
3167468
7582663
12769237
25796341
34444069
17333671
4009155
17685745
30999090
30525908
8173226
7119766
30086469
16566624
7598471
33050952
1125932
6709780
20141806
22313797
12356252
22733382
8617700
8175247
9186790
25041243
2053632
27027848
15225153
19900260
22614292
19419387
9387083
25236559
3811738
23691801
3195679
1548974
3083702
15529090
14638583
1770160
16965182
17946286
17017897
25482178
3187640
21052044
15786484
27523498
2521089
7786884
14631604
24921420
971027
10512611
21675593
19538690
27406282
31635761
10918804
665861
17181912
9856613
728699
7608044
18771102
24089320
29351117
14672797
31471938
12890307
22508590
7726323
23932736
28829979
1457621
26646048
17845275
25559296
23881005
24613983
25012445
21440943
23189939
29417206
655308
11252666
24387237
10964852
12788248
33166960
19922555
16041559
870095
31104720
7092488
24439249
8453443
4900908
11011863
9342194
8271642
4157251
19895623
3826433
8352346
773171
29099544
10507522
17136501
11105737
18693630
8189340
31665571
17922938
21843279
696927
9270910
17650978
2597918
12392351
10403162
5113823
1439998
34020207
1677020
15505527
21894120
16176440
9488930
33601710
11011829
17037812
12524631
8961040
28728090
32959482
32401876
23663490
34161888
6124957
22901360
22212878
8722244
28102561
23261138
22059331
19170400
22302326
27737475
6362645
8463061
16176437
27869904
19264268
28503112
18297417
21196931
25172270
1958161
8150791
25345626
25616505
23621686
2140845
26670713
21546839
25837549
30673717
23896848
16884451
21961775
23859668
25261261
20374150
22508604
3125002
24449192
21894111
19538680
16598966
20860871
24626773
18922203
28278268
8961034
7502652
7798468
15898961
6715289
9588308
3760847
8988453
23058936
1595362
28301219
30411484
33361063
15970930
31510965
34107379
17143078
24847997
5721649
27212090
1119627
4580439
21057428
11765093
25295837
17149541
24371326
12635568
10386198
1272519
28593878
9288440
25533269
24230992
23137787
6578523
18489203
7796062
25294032
23871128
25124743
20353313
20571973
20131205
16396522
1605062
6367026
22631621
16124838
587096
31169098
19229511
17154748
28829959
751512
15863809
11387787
7270278
1100676
7587476
23266709
26073281
14662553
17631368
17417810
6693674
26892940
1362775
12695318
27631141
1793419
16175758
30267955
9173298
7625868
1790468
258964
421037
22775582
21653945
32544707
11469675
1981697
7501736
25462425
16904251
15323589
22678229
7380817
8725744
25462410
9089053
17687139
7485270
31767255
12479687
12238740
18177279
1643843
32513468
9330018
29730859
2944926
1430658
28477501
11585941
4025624
17503990
30518229
3216343
3615774
19796430
1600919
11958165
30888852
30145304
30092918
10881982
9895198
9895180
20073112
6817356
5564483
6020754
15898959
24721552
29723720
15091306
8416018
17435576
5119300
22070469
24958307
676782
16516304
24334924
19489747
20888649
17450044
7208743
19567899
23869043
24018102
16005983
8887708
17890977
25357197
28654848
19594482
17176206
12868509
32512353
25368357
2568195
27329743
27592139
6732419
31385763
3949729
19895619
9871819
18442858
26878941
8038942
12841481
18363423
12927010
19631388
24393447
11955978
17299601
27669996
3161060
20034193
25066202
26252885
3688288
15738855
8829780
1460689
6722232
26698820
25814263
30506616
14672799
18056226
17122410
2929745
18000450
10646829
17284137
16225558
1391292
9034547
19062101
29212563
15541060
620997
31401865
8071272
28776930
26238969
30138860
23040899
18657240
31385812
7588174
22339488
25259898
24422358
21848702
21396717
1862158
25434520
27198073
23334676
26587161
21724267
8557890
26001719
6622736
25620790
762540
15597140
10495760
3597331
10348089
10730103
28975724
3728725
34348675
27825780
22943166
7755123
6847339
25462416
2107763
14709966
23116963
18199240
31364895
4995460
24725200
6837779
22036090
6796987
23218898
23489400
22717099
19624394
18657244
2109540
8919420
15938586
7398250
31451406
30028359
2265534
8832770
12963674
31098939
12587195
7304794
18199237
23969624
27745722
22945212
9000323
10080559
12607072
32648978
18000492
12625998
15560322
1918429
8935214
27112231
22169253
18725178
26872421
25545605
17391357
23706842
19295511
6534642
7072845
8576824
7386685
31449716
14601032
19267703
15923479
16733291
29803951
31978440
3067540
26876323
18245180
8754593
11690598
24874203
24084811
14982904
15898967
25236562
30267264
17960965
1979556
26608002
8419517
6465394
6101440
6000931
29357703
2281805
27852343
6758755
7588180
4621007
16023735
20224405
20483468
16612498
8321340
28003152
32597302
21646824
9171912
895998
16403177
20492847
22404766
27743529
19440884
24282498
31768664
3615784
17671272
6124134
27135375
32327632
23370488
26245016
16965185
16449483
3450504
21665287
32829193
32276301
27015045
21700276
15229062
9018020
17884176
25451699
837661
8550952
34298288
11093072
28292279
18612857
10804072
19286354
29781886
23635018
30058102
29316520
9080544
8349394
23224476
18583431
7491390
32056891
29935928
29168603
31282204
11145461
23327753
31487381
24557702
8988957
24844064
17716051
19264269
3718174
18692905
10467978
9046982
7951314
24112946
829626
15762830
3938025
20858566
17389121
33065830
24838515
16965216
17607639
15571793
32447269
16280343
29536121
31761483
7754420
28755604
15117398
33656816
1457629
880537
24433493
14607394
15820266
15605631
10881206
30864181
15383136
486622
19660167
25065409
2027912
18174500
26706828
22508586
26417775
7874672
23963644
1272426
27788314
24577622
2963047
270340
11052406
7608045
23001382
26450942
17667735
21164351
1944318
25142103
23395231
12188978
8080501
14636365
8038095
30208971
23273610
23443034
2276725
641284
3734766
592347
31840225
10360405
18699952
22893536
7485627
5732734
7028797
25164093
19466543
32215771
696957
23861766
31438925
11926084
21177317
23200830
16938790
25403956
6696594
28691361
25282427
23764381
379685
4123663
2906808
31203140
16239160
814073
24217867
21382301
24217865
2668995
28437055
17551352
32883138
25563517
16318823
11705718
8543528
18977035
23551755
19178948
23691813
26357986
10910805
5143407
12427303
8267112
6582772
22963164
16225560
14533138
9122286
24768107
7448472
19748130
25277541
3701318
27304258
29282470
8511231
2722760
1876627
12880937
7675997
19538905
12216008
3510572
7325488
1254780
26812917
22249465
15693748
24029195
16697468
32305265
16511726
18657241
6711347
22129768
27838212
2031465
26746321
29607445
25173432
2487180
31422453
22959680
28142102
9090345
30221464
15677598
28574009
25446463
21658357
7407737
1600488
17109717
8780440
9042676
18806921
22108398
9704869
31721482
30327092
20888051
17878006
8192212
3147494
16566632
1901850
10779900
23158877
23684514
20837502
19182176
18241307
7068543
21924587
29533425
24389147
24311196
21823964
19025228
21721919
2930331
10671833
22464937
21104467
7786959
1770967
11514131
16176439
20374144
26990051
24330379
19580704
17455103
18849896
26207348
21903025
12938867
2643359
10550863
22210540
11377748
10327940
7852827
18606111
6665029
24635947
18363424
15780683
28590601
32785453
10234565
31821225
31023037
3800579
15738759
2486194
4533703
21514674
17618089
8149324
26851552
8875661
11387788
15506719
22170144
24359851
9611672
11018223
30016127
17917467
28213375
21497402
1295000
18507494
5724617
22169250
17680916
15932053
16614546
8329498
17324469
3241871
10418808
18386208
17007935
24139284
5506045
21688113
32325768
3970264
22212867
8942208
23848428
6833196
20577142
19952146
18037550
23547648
19606936
19594512
3360313
23352046
10847311
18979198
27138820
15724876
19500089
17555817
16449465
27325150
23216045
10535098
11869772
10645733
23903338
15625201
31064610
19922550
19272656
26905414
17696023
33686641
23664566
7258366
22991963
12027040
15207941
26896811
12788237
10401466
10087696
22226375
16996137
15930075
23196997
22111122
9428062
27016286
16828262
8363534
19634032
20452887
11590965
19594503
27866502
30216918
19489745
28674759
25415499
28825928
33590703
32504872
28474173
19264273
8146245
16511733
2695123
7458572
16816280
1183307
19243836
30326960
2121720
18270810
12895202
26934362
15222640
17391352
3124793
6419252
20122370
28585513
26091199
18344750
9324414
28499836
32985049
24433249
2663447
7892398
2689433
716530
10743846
10984723
3663078
2963046
16961421
17182104
14690770
6581756
3432442
14658969
8604402
30546013
9161761
17637502
10507521
27543154
28093821
3381929
34330045
23437962
26515528
29195035
10921270
12720481
8218430
12648894
6812442
728691
4587809
2621258
9748861
5959962
19845416
10800554
7533054
15601606
7158668
23764386
16324749
692836
18271903
11765092
2495851
27930915
24365866
23747901
20855116
22998105
17052730
28335872
27226262
17015816
11975062
19264274
15465989
8615413
21320250
25329791
3717440
22220741
27500795
7397289
28636575
2794991
26724691
28416092
740493
28197982
19474582
16696584
9160650
1120412
30647228
20667291
2107762
26004623
26238383
8837921
8834437
1868432
19390766
16677713
24807784
30584814
17201612
26773919
23160114
7365814
20531126
27692282
17688457
4754680
21048473
11254015
14681919
20647154
30616122
6461685
10211165
8461347
22424539
22951236
30908092
7119313
2761684
2191279
19413416
497617
7991003
23957567
10030477
7365930
5445043
5417813
10718160
19689482
26459073
27875484
24500332
6220043
9990843
31238704
7553547
12798259
18186175
9092295
19252442
1860481
19433142
23686158
23123569
19996269
6127130
29564681
24837443
21829911
1564049
9892318
17988366
25131519
19252161
3398353
6139957
23090632
26314700
9585716
23463067
28292029
16137715
7588181
28390496
27371120
21649951
16272078
17558627
419242
26544611
20172611
17338904
8038297
1798821
7025570
16804501
29261491
20836910
21208108
11780877
30418229
3532830
23896850
18786726
17886170
9564685
23360726
17406649
12188979
16313969
14964625
28944987
7675973
2596340
2955001
16696829
6150650
11825144
24077657
23279993
22631625
17521513
8352348
18635717
29883937
1591199
17167342
11292517
15558078
8560329
14762233
4128564
29905660
3709132
912789
7806688
23160106
29121879
16526188
21094669
30170709
24383665
28992395
5248220
26241859
15292544
16427131
29567620
23066769
2970495
11007733
5745123
29718601
12127602
11532745
17764380
26871425
18186174
27448153
32636474
19015628
548267
11153809
1555404
1615103
11853980
5053648
8500081
16197361
1180664
29116664
18059112
28631584
28776398
27496864
11579028
29050637
11450180
2968383
15994710
27105455
9413417
21169893
8550951
18845344
18691766
29345037
19624393
16401167
4886105
18434101
22280431
9017533
18199234
12363119
24875048
7893254
18202931
28531646
34391959
25549262
16635935
6722384
25745820
3005965
28574522
6742979
23909952
963806
27987053
18058418
9522332
6222092
27570928
16225557
7065841
16239870
16411978
8254150
29149757
30784723
16511724
22205951
24638050
23145388
9056121
24439518
10622843
1793412
17445518
16928441
30145290
24857564
16926928
11869769
4717034
26024928
21343708
26070195
31642388
9220546
16376431
25570422
26777134
17679314
21425935
11252643
3339341
354552
23245750
10363666
27139077
18324663
11236332
9172977
10588423
12222082
8038948
11912649
11819160
7149069
5426650
32275224
2146300
12507749
25016763
6589656
17064433
25036010
28531561
24138298
9316163
26348802
31060361
17602754
2322086
10846299
15056545
989411
24096392
15044126
28994900
12044195
23457179
29333954
9435759
23160244
3869005
16176433
30248639
5209325
17370224
33202371
26996165
28462772
22373296
17178474
22607132
32732996
25238632
22209188
24749716
25863910
15597136
12563537
26943234
19103463
29419949
23869907
30267525
7331840
29909303
22420590
26969211
14658964
7260493
8610839
15960554
11270927
479864
6059224
21131055
31525674
4049908
26720009
19500093
19883943
27249092
29980133
6812371
30953877
20557947
27058008
32456443
3458353
23638599
6213688
15948762
27380863
26423477
944610
16494087
8888366
19758515
11843776
21324951
23856282
11772709
2230760
10088139
2109641
25547439
6625008
17012700
16086626
22243047
28220797
871234
6440598
19213199
19909839
11136644
21770877
21547275
8315038
1773399
29778054
25430914
22122651
19122008
466626
6389308
23057759
25377606
24655771
3888519
19560827
32960499
19455611
22294139
25678233
22085479
19192432
24625313
22613185
19407332
26647231
30294823
20664123
17042880
17290338
26349599
10637828
31169048
33099105
16009565
16325920
18361094
23036068
23842009
18037495
1862216
22853792
22389442
22051076
6957177
18516512
8097229
27959671
6438650
19192470
19136358
7653334
8991873
26614534
15952948
20595014
27247836
31437660
10517049
29345040
24402215
11760699
31317957
28752582
8518988
10695156
21816486
20037920
12369264
708196
24388120
23487201
27400335
3659195
17391350
21571375
18214727
17234344
15529226
24597758
17151179
11447988
30124585
24604467
22332911
8149316
1932401
6443027
6860079
19129964
29280686
28199893
10622190
11231097
15705004
28458141
32972195
11740167
19500097
12387688
7909451
30784724
29044718
26621262
16471108
7620759
22070515
24270482
15348976
17011728
616571
28590370
15458610
2750393
32893730
16403187
1753451
11684137
21701911
23052291
31790431
12212526
21652084
18257615
7397287
3931108
26651011
24655759
26360451
23638442
24794029
22305430
3110468
27128720
25919381
24751316
21320248
12141273
11247181
2690167
15693746
21996268
11963340
18635716
21783257
10093780
16411980
23844755
7867314
31048556
11552957
20041478
18018936
25187443
25497296
17604972
6126129
32212517
10440521
15225148
28235210
9433542
18004679
30308380
1888958
30022520
29369448
12507739
7410328
24110866
21620480
8993155
15117397
7598353
24080517
14653228
17680921
19166147
12519097
1955288
25800950
19133966
24067291
27425597
29952230
1752178
2399297
1752850
27324989
28777982
22225624
8834431
23759280
23931923
24492903
162485
17303249
18362874
22101737
4118559
26062406
7545160
4041696
7892770
19520435
24660885
16116946
19485960
8102624
21167689
12523872
22420594
1270764
28345388
15147051
29627698
27728870
23193722
16641832
4425782
6439056
23312884
24135506
25346391
21865958
19183125
26989836
3341463
23006239
4752681
5470285
16917682
24310088
29189086
15524097
7790672
24219657
9853694
12578431
3753163
25660665
10746901
28263040
7973464
21621272
24589068
12450629
16026487
18681763
10746620
26529281
11758097
12804123
14569473
31758547
17994346
16707029
20836900
17202565
26721636
24580856
31132573
19440881
4937544
11078046
16263857
28365466
16879137
3691078
7848051
11434641
27367308
17503134
7234481
19476688
27144298
18357575
24767016
32421610
30165326
9448659
3837889
11450170
3766811
848594
10459403
10192401
6703114
1101590
24119150
25046739
11469669
7796207
19543566
486614
17594774
6711698
6367496
19658123
16179814
25562540
18271909
1728157
19776206
11893872
33368908
28901625
31214924
7777648
7790640
26459471
29969938
8500074
3495248
7264059
16551668
33022523
17280569
20699193
15208769
20525372
16082431
1853981
30994778
27693668
31081991
28577590
19909670
8413758
19478293
29441650
10554911
12716245
28551555
31985560
26415581
2244802
10626920
11925314
30383306
1111476
23621705
22284021
24895741
3970279
1982184
18029027
4189687
15005752
22906117
22407730
2750983
20636646
33422818
29265573
17284142
21620484
20675967
32521383
33389844
25865120
16476146
27275781
28176421
20118454
17541120
26825113
16034285
20591494
18514157
6479818
26702521
2054442
25208039
15741761
21271823
28063384
835747
4421964
19687171
12940246
9342211
23554570
1643866
10386179
15460356
8561195
24568936
17406176
7804660
17696026
33743947
8864153
9713191
8173016
5041534
33290382
22329469
16026490
28619114
6847986
30455058
18585789
7963070
6229566
11207338
1976619
23232419
30221967
12231265
16816013
11473510
34718278
8833685
17890984
26291791
3274891
18635719
16411028
23288495
14608587
31369947
28991067
27573491
9606529
31610309
9781473
15303241
11532530
15996747
31218667
26417757
32857954
27412727
32113850
1679275
20142820
10669980
11914176
26556085
15826742
6448882
20922147
8831453
2440320
4003592
3997789
6791192
22070642
15935623
31917880
24725653
22134460
2093197
8831857
9606523
23149281
27650399
6750043
27391267
9893405
20712750
31163332
29022840
1389041
21185426
28049075
464134
453357
12523878
14751443
18683294
16038599
21843277
6732426
17176505
34440977
28411507
3811714
25451429
33287748
19264270
16603472
8296883
25103632
16879141
21158558
34270499
11523849
24079991
14563100
15960565
8826686
3084455
30328222
23408933
6427639
4827799
4750549
31488790
11436963
28472082
16202454
2598962
27978794
16740350
7649957
16288314
26395972
2148332
22579145
11722274
11018214
2763984
29980130
17283705
2900713
6643395
24491611
30793271
12454350
29636354
10956576
6711344
8197414
3942278
18070873
22834462
10616937
23293900
15877776
1856714
6129912
24727726
15117396
11378993
7707843
4437274
19418510
31752442
16176432
22098226
1491356
24882185
17261688
31503186
19164845
30241024
9347136
33212406
22342122
17099562
15532094
30761925
19909841
16480569
3345980
26097751
19133963
7387908
12000201
19578682
21831368
33753882
20393679
8640201
20691482
6809063
19005876
22030132
8348196
25377613
7446757
2294856
16043229
23791456
20712752
8421267
9659854
19839999
30721585
10082186
28135594
19519263
20029794
29389150
25212880
15460367
11481172
27930913
15100559
9856294
11379838
31542988
11865735
10440024
7979883
5638076
33310452
16038598
16143731
19200432
18346295
19419385
28647289
19949208
23829436
3123468
28276284
24499389
20034673
22854579
4875780
5592425
19752647
28833984
17960974
18758743
7883730
7755142
8009518
19683348
10760559
22801298
3111325
18922231
10898906
6581487
24182545
26444073
6889175
15992389
3175738
2865999
22858208
16043135
16678275
4427970
22329478
28126580
4655292
12590629
9210749
12888860
30722937
20816773
1751874
10781705
8353173
20234151
25010107
34833474
33147655
1422171
25545077
8808348
26883067
10546959
27758835
8053367
22283440
1658841
8005899
31488778
22968227
16551669
7865497
8486818
1343521
26575297
22858217
24513018
4613319
44861
20471692
1829002
12091784
3772358
24102772
17099571
24609453
9132624
8509073
825908
18191210
5359047
17146011
26578215
19538686
26785105
10483845
8038738
18837862
24901318
7333799
8366481
24798215
7055254
18949649
12795572
28686561
14569129
27890303
15654932
30014719
18452450
3108230
4559854
11756014
31588985
23030601
1272531
7028795
25203467
2602525
15091299
30412775
9565201
12091194
30870472
25555137
7795922
27931917
30199694
15146337
19317016
17550787
1791269
31801608
17107657
26329572
16194770
5504210
11407267
30642197
1905373
3985209
4194968
9334551
24310089
2011957
9090344
7232650
23252930
20233338
33445061
7654126
17566880
20402712
24935197
16962842
24109873
18402361
9127833
27115960
29534856
10228927
11329416
14978470
25536099
10572348
20156925
3084598
27665062
21678576
15502597
20105148
8585380
1991943
1176977
16698037
1101845
15032235
22510035
20889656
30865073
20922506
3160740
19911248
10743842
22414662
21057394
9186787
7258394
26995239
21830073
30074118
28025861
27647353
15526253
27869049
2689437
9109103
17073177
25824070
2494019
28503105
2386858
8460649
22752079
32447355
21770869
18826466
15845754
7354019
1729578
6229567
8509522
15487606
28365478
21447111
34000155
9928909
12450952
18302291
17042836
15641398
3698667
7268033
2386267
7203573
26844967
2919698
12630658
7935284
23157798
33434957
16458364
11240572
25550239
9226089
26165959
12479678
22250617
8726483
2284357
1219954
25010031
22182975
28098427
7964209
16840947
23395229
23286455
840719
2574720
25462405
27324550
26083819
871487
20674280
24262665
3923845
18402627
28264739
21322870
6642464
7271754
4255239
23768870
33386718
15841678
15994727
22503379
7972636
23866053
12190719
10375151
23451001
21544745
27177299
21848703
12579472
8766458
17160586
29156424
29425204
9062377
10357518
6215440
18556177
26561371
12059846
26876321
2309965
12410078
31790709
16848650
21334858
28211278
6512003
30051555
27279513
31539451
28421717
17984779
25252307
8173828
6431833
16599648
23511717
20864620
3114828
9661092
15863741
15306139
25772270
21112457
9696508
30912461
23339675
15812100
19332357
18373024
2731705
24206639
15296824
16641834
18241306
25086849
23784607
16956074
17691194
23771210
16446616
16873857
8461271
250057
8354738
1938809
21093062
28004626
27769136
7649951
15094254
22931684
16923658
28542780
21967890
18324664
22775344
21320253
18199233
11576037
2400018
8961037
10641585
12505823
25010788
16318824
17764909
2252468
30629976
18676603
26915014
19434346
7883728
12854971
32895076
28658249
25940653
22569753
25816887
11333062
8911565
879362
20148872
10626919
19443040
9009612
7578647
10898918
20129005
2244640
9579289
22508073
10760562
12943938
16169087
2282618
4713417
20565431
17547578
30354038
32815392
29253803
15650496
12084423
25734353
30586559
8179460
17007487
29505190
19059507
17257513
22858215
24554693
32961005
7081399
21664220
3440707
19264264
30149337
18199235
1636813
8896785
20562789
2279899
4551256
14668941
17065838
21381300
2803140
20435965
1540778
23280457
28365865
20712759
23470604
28527265
20633309
3624827
12888856
21984801
16508032
2387242
472716
18812205
17715548
17606670
8435712
2123080
23634979
16420076
28691278
19429160
30423467
8930025
10550856
29777563
15960566
24176647
8168791
17417815
28616776
7995025
2975294
7219626
16669723
2282683
5831875
15330403
8909329
15950022
14763688
15654936
19708034
2031463
27269044
7174618
18162331
17029490
26146875
10893493
7235858
33547595
10507518
25928091
16190786
16399973
1564027
15142613
30286842
16263839
15698679
20146919
6231330
19949203
27759214
22631618
9381957
2078211
22104291
24247478
382217
20171742
26481908
12467954
3092681
8039462
23774140
25056223
12832254
18582347
16300689
14504992
20082348
15762862
8456169
17714370
21185427
25596332
10071717
7624488
22464935
17785956
11157432
17497717
3961033
18507483
24262639
11353454
28523821
29308715
9861474
19754458
23135309
24862657
7325027
1502292
12033204
26309020
27011364
33878285
26576693
15708417
30996193
11246086
7911851
23896190
6731641
18450941
15827049
6943593
2084774
16796096
24048399
17688458
12381498
3941059
24261315
7705092
6726215
24070907
11481189
1780370
28072662
7648847
19252157
24912983
23982186
15541070
17935734
25454116
15556120
3400785
25066366
4265814
1791267
18328012
19352219
19769442
25563670
4024796
25187262
33044351
20029406
19395051
9812128
25556671
4986244
6962437
12975692
32942345
31822292
16169190
15050861
22576049
22898470
23856945
28559123
19190727
24308489
2278981
12727708
16050919
24636453
4829316
27017320
18163039
12392349
23538015
863405
28535448
32401870
28483070
15554762
18635718
12773277
24962329
1491362
25272338
11007724
25572482
10732661
2912232
6957903
10404709
14971866
11093073
30639164
6806254
17084905
15134424
11195996
2037748
17985761
16566616
27435356
20868462
25617037
2948989
7994522
20382908
4027309
32498603
19018158
7551964
9775663
3409160
12190711
28778129
25844756
19727533
497639
17845283
15842182
2360802
21481244
29108106
10442791
24864536
18950389
27181262
32882577
17097740
19000640
21545446
10624556
4003613
11094136
16840938
1756351
8929049
11256686
28922738
27992891
8464954
3372890
24825960
16282872
30326884
16026485
22563568
14601038
7839178
4441238
5156539
28714555
10576323
19933711
10622175
3964581
17367868
11256658
24548785
17414256
7738865
22846650
2387791
6406127
18794513
17164645
11082479
12957720
23551803
12059844
7583472
737263
1101044
29451300
31394485
18188683
11719258
3983290
16816785
29024194
10868328
26070045
31522204
12411210
6505774
6731648
29549335
3804982
16137268
21418434
32172610
16500795
21440307
31220216
19419382
20636635
18350681
3552219
899527
12921902
32019354
3917429
1222678
21519340
27287789
6222095
15967063
32739706
21352183
8462942
14526132
16730331
26223315
28836352
2750387
19267701
12716253
26804773
1827477
2973109
9872002
15558889
31756418
17588605
15845758
24515709
16426109
3212152
23020773
11907593
9629948
30037609
28482311
17592931
29626765
19328558
7183760
21804628
7047505
25678174
22939529
16499977
24419314
23790555
27858964
10863888
17612849
21839796
12656935
22980587
22876738
12121208
12975680
11142544
1337539
3592013
5077878
19296014
2335495
16469389
1395548
18438184
8101125
11823276
20231325
12802996
25524085
19906344
6436484
12128239
47592
27989245
30427819
20923616
15563509
16866593
9264132
7772648
20153384
24364600
2500990
27005426
24321773
8198670
31748866
34037349
22926687
22136096
9378689
24028391
14601035
19268175
5476817
4885858
8736468
27369680
22343582
20536186
34429498
24074480
27016660
29596661
26819404
23551834
18635715
15978780
21550667
22897029
12397883
17988359
30802696
14580085
33526231
8685296
3579495
22401488
19192979
16203954
22855220
12807371
8047628
11032979
1773247
8885575
31185485
667233
1655851
8707155
23820830
3167408
8217063
14672801
23798337
17644186
17854907
10232294
10609421
27137894
3913975
441684
29339689
24359146
33710284
19602917
10624554
12832243
8771598
16741190
28857347
27394052
9771823
15225147
19500633
29245093
6803599
21981895
29520539
22774941
31081573
15654934
33901658
16968146
18781119
14725603
15117402
7417629
15631544
20491717
8419561
12469687
5561067
6039047
15225146
7102229
12776654
21945379
1561887
31076186
16816301
23371914
27557395
23945090
15727488
7982857
12650958
32056918
17348610
8375847
6480573
31911063
18316683
2115895
28029441
23560889
17107229
2354225
30383333
21176024
9766693
24709019
25020078
443476
4849927
18322928
9590667
10221559
19407725
4050508
12056578
8071302
33656813
22108181
1389048
19785919
23656284
18441528
23314407
24725656
25545082
31722343
23497411
11925353
16649836
14675740
11566158
2689436
23010768
21914480
15992398
17768268
7440098
3988719
16432528
15482871
29726004
7126949
26011123
7264179
23167933
15703073
26555604
24590850
10227110
17430295
9051155
20141803
6657807
11874212
30336492
31482650
26222302
20854181
27307450
21048285
18612869
15539862
6847984
24074483
9004061
21953909
16840944
10356031
22097112
1938976
22030133
17703715
16841628
19512966
8047243
29909301
26142689
25603860
1918428
3593824
4457496
18386406
2053620
18056246
16390907
782261
25745836
16734650
10581984
3730464
394254
27384497
17353940
3247404
17707248
16411987
20856191
28804990
16020166
27488254
30536496
21281661
14969775
9232212
1746279
4419332
5145371
25828504
17825922
9460095
28185811
19478300
16480418
9111853
10616948
21176034
8882914
21314751
12479673
6804599
2960716
34021552
16488021
16782312
22862999
24200153
31377606
1648581
6478118
34376209
10590963
594242
14525558
20433320
16889585
8556098
2207523
3099218
6144154
29025862
19886294
1564026
3233020
11103319
28437438
33587793
25313338
24936758
12890306
8029377
409517
23261133
34077034
8919419
30343458
9769349
24359855
16677225
7094870
7551609
2552433
20080982
17970530
12570068
17498159
14604458
27959329
28444949
26117247
11015631
3712291
27780338
17675066
9172976
10622182
23939559
16998417
32698802
12190712
30579045
1928492
1261345
23366369
7667458
22504610
25054363
7848047
30414554
19745656
1790162
10575973
16449477
28599348
27028495
26548981
24847998
12895201
25129563
12841459
3447676
8435709
8214193
29691917
22528061
21057433
6746971
10641579
16358595
2148331
871492
28180904
26390194
12239436
16026491
25462404
76213
27737600
9672897
23663952
25717492
8227760
20141776
23906864
18037496
2521090
7108498
21318193
23830859
20338641
25534712
19702498
1007939
19670057
34288243
20958841
27049347
12711402
21866111
20173689
19909672
25553497
17239053
23312479
31961175
25180527
29248822
25939286
1798823
28205606
31954410
23803872
20936438
4025593
24307178
17258897
22342167
23663339
22335132
30378461
31626228
34120688
29372938
25012439
9172978
28337866
16691128
24625924
8369236
1410070
29933949
27373547
23186328
8529563
20620265
28411573
20559148
9653709
1573128
17126406
3338979
31607354
18787660
26301477
10512608
8780439
27995827
6691499
27597463
19497250
20728005
22949290
30699870
25295997
21054263
22297310
17680915
30915765
33360586
33246197
11968273
15380855
16134713
27102914
9514596
24126930
21176026
25674905
10708842
8199799
16958199
24059142
21894105
9674984
16926723
34417487
12960712
22070636
15555685
9858080
7386676
4459463
3377645
16050606
7205972
23384717
22297067
16176441
19393382
8277143
21077387
12107863
17924243
31735057
3756280
25240845
24359853
15337333
24502865
9433335
18483039
1487473
11571857
9565185
27344363
21842957
9246257
19448850
2968391
23253178
29862493
32927464
12751852
12956808
6657811
19538682
8275895
27229286
3157719
21696830
9127829
10087579
21889213
12505825
8201303
10778262
19559573
25670662
27783716
26396062
32745598
18644800
23876746
25840934
17267047
12396257
10363667
21683454
22429365
2858982
26859630
6241215
495801
11277609
9017976
8018802
22036011
18533757
4748312
26809779
25943422
32265532
20449978
34101974
30266033
1938811
12556265
15049773
19254445
20458195
8479586
18456339
26360429
26876316
10721685
31913929
22212877
27525607
18635701
16677228
22446567
11206670
18076531
23861367
18452444
2137470
9400884
19609099
14680717
12963672
10401489
8078955
6934698
5510013
23951648
1155645
4421802
7790673
8005898
27454409
2944933
22548901
1810868
27503048
433633
16020026
15762859
22079584
22509998
16582064
18567982
21237357
2404521
2869701
17391822
7059642
2881492
20565436
1408073
4541867
20213933
2148333
23611537
12672259
24007785
17908017
21547271
33979722
7883737
26890465
19269201
22674317
27027886
2243889
11924080
15820270
22624742
2284378
21565466
549537
986288
1393337
3743573
18221631
30549480
18689291
19108664
32144641
24165097
8007391
16525906
10705252
15465590
17680923
21066907
11684138
26456502
18363449
17391346
23212065
21586996
15967235
1473072
32041882
12764705
22504614
22274630
17147836
20875144
18519522
7852657
10964878
29575682
31299400
24068437
23433856
21183010
24140225
20152301
29232965
22985694
29303917
25969160
6213694
7212116
4812683
22409736
10944719
15038912
15323597
3809326
22922076
10698829
11202141
6753253
19944466
22911321
29550743
317648
52007
17845282
31200195
1879834
3984599
3962704
16585465
23084802
22652928
14977464
1101046
2879267
5954741
10457967
2596350
30260462
26104778
1561285
1579607
1359003
8178659
17983484
2215159
18502736
28899614
21996277
7427282
31378653
31464549
20559146
7435688
696914
5458600
24194362
1790165
27810719
23315174
21486542
5783024
19426162
8708001
8473969
15894380
19689508
31719074
30852431
15853617
31159677
10982202
21737143
15183604
11252663
30605424
6454710
9160651
6652153
8988970
30087257
436097
6486284
24034473
8570765
17134763
11464539
9401318
6439057
26650482
17680920
23128927
7552570
26514657
16649825
24377755
3074349
1415828
25086290
24625017
16955445
10199120
11869755
14658970
9919324
26404172
9693951
479871
9133761
12755174
25012432
28004481
3587458
681305
6622726
17828658
22627702
31112601
28271715
29652106
8895945
27434490
27067698
18956262
22871393
2302442
26144587
16027738
29145062
9858077
24655650
21135313
28160351
27597465
32171903
6722403
9314669
17365777
20384098
10904433
1882692
18199242
11818469
4455728
21831906
22951771
17389119
11121827
27706728
33351502
11368836
29516993
21056477
14662219
30339112
12880512
31177046
20923435
29803226
19750253
320288
2486378
1883005
11244150
9858088
1395552
2055904
9433547
2142702
11356238
27609245
15895956
16612219
9055834
26582783
29925436
15534020
15819732
16343842
26194180
27557821
1757575
23419545
12149680
8541932
23623740
937566
17430299
22822175
16427137
25881114
26853311
10721497
16644257
7108499
30516584
29243543
22085478
6404231
27471058
25688436
17963846
15383128
28262145
24229750
16551670
31726423
28693482
25068480
29536256
30201969
31159601
20713498
28398819
16650901
19683618
8498880
29055259
28641149
32930060
25682377
17314720
30667398
22842799
21041258
14982905
22409302
7025783
18491230
26142612
12633120
30582486
18626298
32593852
33515607
8639147
30584815
32217259
22051075
15500301
29578271
3485926
33297838
16423162
1990073
21034187
24999863
19108660
27762161
1623316
19418383
27916405
21276242
7138276
27450446
30795493
20334933
12150650
22104659
22070662
25359927
20851277
3913976
26143405
2073228
15291689
15094255
28872998
2561683
24950916
19133961
24004542
11099738
12706954
6888613
30672872
17049378
7093623
5113822
18310580
2284356
28684405
17724969
30104658
33966550
28715621
24812916
23646156
20579511
15383132
10834624
26433762
1301600
12097782
11973326
17064434
28711743
24767006
2572209
3886024
8772004
9861637
24185242
3067536
8137104
12128245
10743843
17883746
24411930
32505904
17097071
7972603
20451218
26961448
3688291
12507735
25315819
29888994
23347971
30551325
4823936
24981131
24751312
19652131
14533143
9108818
15572562
11317211
24798245
11989998
8968305
26277992
25204097
3860884
26365198
20022640
20841962
21971195
21683175
25462394
45342
8150887
21705091
20819987
19232743
26337483
28570797
17728666
20553823
26577592
2324299
11780873
10359478
4092016
25954806
22074414
32981096
25400223
27216592
16887395
6614232
25462421
34521061
12971021
15505643
24938878
17987892
3108734
23820096
23714262
4851853
5703851
16718858
6597184
12625992
24103187
11914177
27873453
10572338
21055823
18474198
21977784
7058158
7397290
5452363
16877643
29223329
32553378
17220747
17116962
10615350
21449162
11893876
29479787
6489392
10512610
26509704
11256463
28297592
3529151
28960527
17191267
9137134
28558365
19969370
20538341
27095160
8674475
4106936
24268595
26454006
19624397
23806623
21601926
20609481
26118752
16683978
25383933
27346321
27371906
22906962
23302184
16426110
31962188
20565443
2089815
6730822
6789913
6236243
7225492
10192405
31226548
27814457
25056514
31121524
28525603
16675373
28000158
21425259
17489716
28784391
2673478
3756267
12222080
21208049
16777234
10601830
23123133
10082332
27842735
12165371
20118094
18792087
16020173
28476012
20466433
9355815
19363387
29754705
27138833
19909836
2125840
8275897
27307288
27659841
15541064
17430300
28327444
9433558
16877668
9108809
8831438
9351489
28754344
14990520
17267795
16401667
4050509
20502951
25752586
8312982
22183465
8731074
10086475
27391371
20141783
8235806
28073041
21052983
6082141
22302901
6774623
31331636
23062746
23902127
29525354
8448732
6747615
12971015
3715419
4580489
11772118
24847999
11269910
31841251
14525561
29069624
23903339
26497765
25571524
9532711
31445343
7878158
7095670
25379425
28906604
1498923
637151
22682679
2840887
4059481
1605051
23332644
20398907
3598571
11311838
16848652
3134056
7333788
25082489
33792890
16938147
11097977
32692124
2795649
3949726
3949721
22164915
8432957
19170690
26683251
7726717
1650103
6849621
27310226
9881834
20696479
16337008
27377499
26906639
19473667
29120844
31648654
31969278
29454164
21131056
8682975
16160638
24786695
27882644
7983201
8679795
7921722
10867113
25814521
7573584
22978083
30649527
10847314
17532587
12974995
7875950
24880581
15465573
21443568
4441237
5000023
27128359
27668941
29926086
11768844
21377212
29553307
10512603
34190952
22840617
21099378
1961868
7262950
19776668
21972277
14531760
28392151
23664567
6767189
3752303
7067431
18837861
14742592
11150895
11172877
18456508
9006398
1347293
24330276
17042830
12788245
8564310
7149955
30926912
28382899
8352345
32949870
27647671
24025221
19821545
26845265
7485629
12870562
23968965
17224185
15465580
401351
20410731
20679588
15625202
25307723
1555823
8919423
28029429
9661104
8012380
24428168
4014503
25586751
11840509
29748770
24731723
14705583
17894061
11436926
12042186
22446855
12296492
16934765
28814728
20230117
10085846
17645056
14609504
6792189
6497570
27993232
2317731
23351832
8527060
7134319
23394711
9152585
7185775
10862802
27524370
26164033
15225152
23141631
8546157
21188786
24053030
6805339
17932733
8829713
2420218
17196051
18503040
23489399
11252648
18215339
8444752
25682854
26172983
8292689
34118638
15209172
8838691
20044661
18377675
20004888
32409261
2941468
15641878
25233237
27214525
16551671
2589926
11058490
23768259
24286629
24700737
26417737
12590368
66454
724835
28731778
4072736
2514958
22284020
30261447
19429034
12084424
18337629
8740492
1252676
15211633
17366344
10404715
3946651
19278730
17630822
28068462
11914174
3471163
23933343
19087895
30981755
1268690
5711820
23826157
25173433
33638252
21421061
1632891
27459029
17403971
23948785
19486226
23790757
22211203
12043042
20712178
8419511
32391853
18565633
19910727
20085850
10743844
1600911
12706955
12027038
15197398
2494153
18583441
31796434
18698515
10357039
18838629
23429819
17845281
17988358
14638572
28459504
10443341
28600930
21749841
18595639
11004728
23015748
30302918
2418453
17936573
19820558
25451413
8651306
2136055
26414234
7089121
2329992
20414158
27472964
15992391
9727730
3714943
8038940
21774991
8704068
30786002
16816317
6236241
2597864
1644722
19004512
25101544
19594509
19594510
17037811
18838499
22531205
17545953
26838011
18683295
25020270
15209843
10206839
119166
16176436
24824425
16126610
10622177
23194640
12659613
17113156
21506757
26528762
28834020
17688461
22456582
17064439
32076760
25943979
23601791
10831475
17457851
541467
4975420
28724024
25480522
24679127
29477586
28936813
21925738
5081607
22467840
30795487
24655763
32008691
3628828
26748737
9056128
31247358
12895206
9089828
23398272
18199243
30808582
17931706
33418368
22329479
23212456
17904908
21486540
27475050
18199246
17154757
9672732
18606036
27098212
25801521
21272735
27744225
3043281
12956813
15741489
29180712
27857885
21570127
17391356
9501760
15994709
16754406
6703853
22142324
16511725
33460033
28459727
19267696
19428117
3195359
6653485
4055245
32772724
496552
20148868
21364344
30199666
8177354
9755358
24886581
11147471
11982536
2676267
6577802
20615672
26337482
15056521
27688021
8446744
998324
8051659
15876455
22734088
30125755
7074304
17343557
18657242
23102536
19891812
8755796
4569674
15780676
26073834
17592917
8367152
7200461
1564028
20644996
7792565
1751857
7416291
6406474
27936451
16249909
27515535
24862587
18004150
1454157
21632039
31282606
18357574
23590840
29017153
18207056
12479675
19215985
29017068
29136601
23529008
6891615
23735843
23393416
4139623
18344739
30738776
22986995
30342796
9842787
4019427
14585776
22121523
10581987
6860726
22748188
1752179
3160745
29907438
11921744
25640248
17151181
9566809
16449475
29428124
20381155
31443935
2420217
4904303
28077175
9089821
6411776
12507738
1210967
15994707
18759809
12214784
20635436
15212611
17379426
14971867
26319738
6849623
12832247
2607935
9247404
21111299
22016435
12570066
4800547
11799322
23099447
11772685
569523
3104316
22285502
28262138
11104847
15101497
6222100
24644129
15929328
2380693
18771019
2318506
7888416
15482580
21267028
26615365
27813593
25512596
20449979
33438502
21175919
10831476
10569132
22269982
31865198
9718626
17886163
21040289
17430301
9861640
11121826
21109306
9035994
10873911
23942231
26147277
4014516
18434093
30593973
17178644
27293065
8562488
8348197
16958037
8601549
12680904
22451354
26905355
7953809
26417752
16542181
31322784
9563292
28850853
24089086
17848830
11763015
1313210
6504203
44865
28144920
15149296
23059424
15684234
17123476
23437982
7402265
5721208
130181
30747428
19710623
33063587
9063910
16634715
10784486
31902051
5051619
29581538
27243619
7583474
3414856
29781205
2136866
2001626
27337225
8329491
12502013
16304753
21829907
12676078
7732956
12378122
28826088
21295217
19906347
11534927
9209725
3180758
23438631
3279721
33742536
25778474
26954568
24961959
28891527
15118487
10412186
32458337
31030871
19505727
21437990
16903925
29216734
17404212
2653052
31081413
12692779
32404258
11280956
24142126
32936585
1527239
23920885
3449871
25191765
2149652
21092101
17960960
25063960
3407437
7647162
7932276
16844346
34419753
1728160
25315116
12921465
17167340
20965308
1586272
20148866
15780686
3711035
24359854
10188000
26775167
29698907
19774406
8821313
29722935
2798596
16403175
21503565
19239828
18370614
2862170
645321
2608788
1862222
27676126
21093602
23774055
6348035
12478876
3117777
19034756
3120858
454105
17997720
2056885
31967315
26380368
15225151
12450630
31759285
431799
16054228
22840553
20193647
28139249
24665581
21897858
19215628
30145515
29956574
21668920
7181250
507612
10964882
16881774
7578661
508887
9801727
31450809
12716255
26146756
19815295
4041692
26655121
23279995
23449699
19016095
11048910
31493423
16157163
33858288
1589586
21206242
19506785
16282863
19443616
16696831
3919796
8050901
2245264
12788236
19232020
19755202
28503114
27624435
6587786
3761127
22911320
8067486
24673879
17042887
23418688
19018233
15952962
12607214
21851189
8300980
11097169
22954812
20203026
3965440
7362424
20060128
30106880
21352930
2250747
27314813
18198271
30977426
7121073
24389145
18455857
9401315
20807972
20163392
23351833
19552485
18534556
19689481
3832143
2813609
7146091
32997440
19564218
2149726
23247604
11058196
3128600
19200290
30122137
12113208
655296
11032377
7991720
31291208
26420497
33080761
2500156
900289
29179014
30611915
26908089
28506924
19401947
243469
16511730
25046741
23036958
1663790
19816066
17854257
2643052
4132450
26252722
15555695
15013827
17064428
22854584
19906349
33155273
8104389
15802085
8448268
2717661
3497631
10544983
20481430
17272739
18640785
24447331
11691682
19052778
14744163
10804077
15708427
6137250
30611064
28002659
8434691
5413275
22386129
30149091
10753004
19851701
24247871
18451207
22938092
12519099
2952696
24240495
24497226
29601896
23881708
7315489
18061327
29882276
17162830
3953899
19829091
19906346
6743720
10645326
15024812
5807757
3930019
14607396
23357439
29931798
32521570
10982196
3227961
29864615
25311363
25807948
16199055
8723047
18801648
4083652
21562142
27066819
30905170
6693024
15465587
8043619
3813808
28810176
31228639
33418281
23915232
34783792
20180010
23531096
15935230
32186664
26769392
24448212
9016284
12778844
10898915
18775569
1633434
10929789
25362578
25131795
28711681
2175146
1449384
27469479
16815557
20271595
22959696
8054405
26799153
9565184
30371048
4019429
1819248
6731658
79077
29331712
24636366
18302734
24575411
25017827
25798816
12776393
8408977
2027422
10507524
17414683
16197929
19320638
25617964
10374652
25297388
16595351
19592383
6709350
17240456
33910549
17581446
26394555
34330048
31747124
24912456
18571901
1842317
18087202
27793702
32660283
12519101
17442400
2380163
28864752
4504823
10357519
15529089
15023508
20361912
22143953
17825463
1589156
20303066
25771686
18423667
3882000
28867391
33765445
25313669
18076529
23681713
21125506
19120740
11302568
30453335
2951414
29179576
29463875
8122143
2136403
7448480
3800580
11256681
24999173
20350583
18423093
25779034
16009430
3871311
3797569
28471771
23473358
8529571
29689499
22133461
6626851
20392298
8517155
26165112
15934881
26476489
6798028
14643097
1347479
30677548
27234180
10826656
19196936
6390694
12084427
12239438
30029064
7867316
3425083
25550243
15001816
17190849
27570898
16469198
20152287
23712026
32279906
9220125
7948450
5466751
12359694
22244379
7091442
1427698
25937241
26647866
11941660
22432978
32169562
15108852
19465878
19745659
27318597
29734951
16894927
15555709
2017910
21046897
7104553
8298854
10904122
12079729
34053686
10401921
9144109
23945460
24856566
30865288
28986182
29779901
27395460
18632161
12788251
19942294
6634937
26339928
18271913
24729763
24882190
30795490
6733665
22244027
24582325
23929355
15257153
4935066
16395126
31986152
31054448
12014266
24798943
12411274
22358217
10622176
32701902
30578948
15935234
23320647
2147905
1546548
30421491
27480490
26176599
34000150
16861047
11858435
32056761
18774873
32056775
29454034
17171602
29378562
11465528
6231327
31918351
18656267
21676133
16511732
32707217
18501566
1970815
12695317
10402510
6701478
2943773
30098656
3110260
23426799
24924406
18609430
28338967
28570803
33038454
1816278
23210213
8298847
29983124
30616137
23146292
1543036
8448262
28918859
23508775
19452498
6215438
7948053
17478437
4886104
18452447
16881248
4014508
16840942
7620760
19573503
7794592
25451392
19207123
22578360
26688289
26621494
33979723
25997918
1792920
32297649
353869
9784708
2357929
16456641
19195850
7356073
16480241
17728419
27775408
26595234
27862615
32442169
15005748
23801545
17586053
16741933
12625802
19895620
3890566
21918807
11313094
19224409
20176701
20936899
15803047
23318228
23296640
29239826
14971628
27017833
27392070
25841077
24238006
17924248
2286703
21728783
20719394
19026707
33360224
20488462
20159340
12387697
26304674
11641945
10208297
6221248
10686970
9344372
15639772
20350767
12904975
27423353
6431835
5163819
12819438
8376619
2467523
12727686
4063421
22085473
3116362
1245143
27138818
15479776
24237345
16730333
21092023
18677198
11164756
20565438
9356578
1536289
26459976
11353595
17678485
25939232
11843782
3381930
12042179
21512857
7799250
22612525
17603740
19808211
16444087
15753278
12739265
7442958
443473
25592045
25470092
26692432
24947278
21414603
12165422
4110088
5892606
25661848
27405742
23558337
21334070
25678172
16551667
24581821
2517680
21406301
21837483
16411984
1528958
8615426
8808349
12078030
7081502
500576
27570908
1836411
18582942
23521542
9109187
32692269
17600172
23601849
15291686
30262220
21668080
18827720
30110496
24387236
24271224
26876322
12091215
18357847
8890681
16777233
10673817
30102627
7665540
8722243
24709015
23246364
22631622
22089744
14977462
18281836
27401222
2404001
24215655
18582440
15968808
27688164
32936715
17542383
19961811
11893860
6729002
7888419
33494281
19500091
4015317
21176030
22762299
21320037
23229104
22073380
9232008
476232
18445508
21816484
27144722
21843274
30279458
12397888
22398509
17604118
20171792
26047808
16566627
9344370
22845651
19906348
11026178
4587067
11963262
2023986
3407634
11185942
26037879
19515428
17543894
2116474
8010358
11722321
24752620
20527087
7041879
20176702
9433549
28750571
29433074
33743948
29873955
31697843
11816872
21216014
2497949
12571428
16116112
3295932
28135597
5884005
16910379
29102659
6107049
24170252
10883915
15311985
24183241
31093974
8134510
905456
28199068
23406546
27742913
9040930
2613186
7146189
26432032
28068616
24144581
32458698
18515695
22341649
10484954
3520803
9647431
16401162
30447566
8461272
7904994
10073390
19394086
9395150
26072315
16251165
19059508
32003654
31981272
12462857
4566490
3054622
2748874
10584760
29672741
16085206
7808887
22085804
22392391
28503107
21188303
19345708
8511226
19890236
23527945
16717045
23898844
23545475
17067865
24306631
23043691
19754460
7367331
20565435
20000279
8780977
23903341
18580843
18271906
19917597
2597857
9819076
1427707
26344754
3053673
11217530
18391127
16973219
15306137
23838603
23573636
25042952
14628991
17042834
28833994
22326294
26881891
10434473
6454714
25946396
12369773
18347600
24102676
18271910
16238881
22404207
23236411
7929019
20586690
11869763
9433568
16319409
15889942
16426092
21105957