34994318
34991703
34986700
34986694
34979899
34966613
34964333
34957358
34956961
34956212
34953910
34943434
34942927
34941947
34940903
34938268
34922127
34919179
34918990
34916450
34913540
34910416
34909467
34908706
34906986
34904953
34903448
34903274
34898635
34897069
34896649
34895368
34889850
34884216
34881534
34881203
34877577
34876415
34876382
34875586
34874821
34873584
34869935
34867791
34862882
34853850
34852143
34851417
34845526
34842999
34835030
34834958
34833407
34832564
34831958
34830495
34828547
34825278
34824286
34816983
34813382
34810059
34807925
34805046
34804531
34800742
34798069
34794467
34780549
34778143
34777996
34777862
34777224
34772796
34772779
34768620
34766205
34766055
34764173
34760415
34757622
34755940
34753527
34751196
34747982
34745911
34744963
34739471
34737815
34734907
34733553
34733060
34732800
34731682
34730711
34730224
34726987
34726142
34722923
34722252
34721912
34720100
34718226
34717222
34716898
34715802
34715496
34714940
34713798
34707198
34707082
34700274
34698241
34692340
34688963
34688236
34677664
34672022
34667313
34664529
34663664
34660355
34660051
34660038
34646638
34646554
34644743
34642629
34642617
34642502
34631493
34631044
34629641
34626912
34623104
34616616
34609841
34608117
34601698
34599864
34593760
34590794
34587819
34582289
34581925
34573160
34572076
34569549
34568159
34565368
34561239
34559820
34559791
34558550
34558549
34556477
34556343
34553288
34548231
34545726
34543227
34537061
34536067
34535526
34533304
34531125
34527150
34518048
34511802
34368790
34367933
34367705
34366659
34366140
34360473
34358472
34356272
34355004
34353250
34352787
34350236
34348821
34344809
34341034
34336491
34336065
34333508
34328636
34327929
34327127
34324146
34321155
34320005
34311990
34311778
34311142
34306710
34305035
34304141
34302637
34302557
34300219
34298605
34291813
34288955
34287905
34287109
34285823
34285749
34283506
34278212
34275492
34273581
34269161
34267318
34264800
34261146
34256532
34255231
34254129
34253173
34250519
34249668
34249666
34248118
34234251
34232758
34229244
34226066
34221361
34219500
34209085
34208954
34204362
34200070
34189674
34185868
34184452
34183089
34183003
34178610
34175238
34172916
34170549
34168682
34167987
34167876
34166652
34165581
34163217
34163159
34157187
34152970
34148952
34147912
34140539
34139598
34139400
34136827
34136764
34135592
34133912
34129486
34128896
34126206
34125032
34124318
34118825
34116850
34112899
34109189
34103823
34102773
34099977
34096193
34094558
34091654
34088273
34083395
34075710
34075562
34075369
34075334
34074933
34065871
34055592
34054961
34049958
34049779
34047290
34044152
34041196
34041119
34027514
34019643
34017710
34015895
34009992
34003765
34002923
34001013
34000458
33996863
33992555
33992187
33989761
33985374
33981312
33980931
33979402
33974053
33973188
33971843
33967243
33965353
33958601
33954852
33952614
33945867
33941622
33938667
33937009
33937008
33936824
33934126
33928623
33921603
33918326
33915287
33912309
33910818
33910640
33909284
33908152
33906746
33902343
33901185
33900166
33893845
33893570
33893483
33893036
33888166
33887455
33886872
33881763
33879534
33875971
33874789
33873048
33868972
33868828
33867000
33862126
33854695
33848701
33846030
33845798
33844708
33842082
33842073
33839489
33836826
33835838
33834960
33831042
33824716
33821217
33819604
33817555
33814771
33813917
33810883
33810796
33803475
33801170
33799139
33798499
33796184
33794599
33790053
33788699
33788036
33787182
33782861
33780317
33779772
33778996
33778108
33777690
33777293
33777269
33774737
33774203
33770191
33767631
33767292
33766500
33761897
33760821
33757457
33755923
33755344
33754966
33747892
33741488
33741487
33739710
33734042
33729897
33729282
33728202
33726699
33724231
33719624
33718991
33715108
33709973
33709945
33708124
33707646
33706707
33705435
33692530
33691796
33690722
33687889
33685502
33684323
33682276
33681828
33679593
33679571
33679425
33677642
33675086
33672528
33669685
33666408
33663120
33662859
33655079
33646994
33646895
33646505
33645395
33643746
33643397
33642821
33636661
33635172
33632694
33632353
33631903
33631765
33626161
33624380
33623832
33621990
33621800
33620086
33619793
33618441
33617777
33617700
33617117
33614925
33614816
33614178
33613024
33612781
33610751
33610511
33602152
33602080
33601901
33595697
33593712
33593267
33592254
33591078
33589798
33585178
33584731
33583157
33580645
33579769
33577067
33575808
33574768
33568424
33568097
33567507
33567087
33563638
33563186
33560946
33559405
33558003
33556127
33554218
33552295
33550782
33545090
33544701
33537362
33535814
33535011
33533036
33532344
33527593
33525239
33525230
33523608
33522795
33522752
33521715
33521692
33521514
33512687
33504752
33501506
33496225
33495752
33495704
33493729
33489853
33489530
33488054
33487583
33486531
33486479
33485824
33480976
33479086
33479077
33477014
33474926
33472577
33469566
33465295
33464401
33462906
33457205
33455587
33452919
33445940
33445604
33445036
33441276
33441073
33437562
33437465
33437144
33436471
33429174
33428842
33427776
33425695
33423106
33422806
33421576
33417259
33417193
33417099
33416429
33415060
33414763
33410295
33409924
33407978
33405204
33403772
33403422
33400417
33399741
33399169
33398411
33397872
33395425
33394906
33390803
33390561
33386439
33377319
33372575
33368328
33364386
33363090
33358711
33356661
33354849
33350319
33349441
33344476
33340398
33340292
33330830
33330539
33329335
33329044
33327890
33327641
33321195
33311951
33307905
33307419
33301533
33296409
33295221
33290446
33287593
33283160
33279355
33277384
33272198
33269398
33267836
33263344
33263101
33262404
33259646
33258690
33254514
33254494
33253941
33251489
33249969
33249407
33248797
33247646
33247599
33246692
33245136
33244385
33243801
33237475
33236562
33234533
33230486
33227276
33227074
33226989
33224571
33224428
33219539
33217763
33217573
33215155
33211810
33211433
33210085
33201409
33200104
33193960
33193048
33193009
33190655
33177406
33176049
33166988
33161494
33152573
33152512
33147504
33146036
33146035
33142840
33140943
33140926
33139373
33139151
33138739
33137919
33134844
33134156
33132007
33130145
33123081
33122206
33120100
33119539
33115583
33111132
33110869
33099361
33087179
33083695
33081456
33080582
33080550
33079131
33078575
33078125
33078124
33077738
33075539
33074449
33072684
33071164
33070912
33070890
33068628
33068023
33061670
33057392
33052574
33050880
33049753
33049388
33045908
33042951
33041842
33039396
33035870
33033827
33033249
33031948
33027185
33025798
33024695
33020732
33019877
33016619
33014751
33014283
33013637
33011957
33009054
33006881
32998763
32998038
32993622
32990925
32989732
32983701
32983618
32983347
32979666
32978364
32974228
32970861
32962001
32954046
32953353
32952820
32949098
32942923
32940797
32939911
32937591
32936949
32936948
32936947
32935915
32935873
32935157
32930820
32927376
32924956
32918429
32914699
32913640
32909060
32905500
32904469
32900532
32899778
32890723
32889755
32881022
32877769
32877380
32876777
32875474
32874091
32871902
32871412
32870978
32867582
32867108
32867008
32866813
32859529
32855190
32854871
32842909
32842563
32839951
32838819
32838816
32837952
32837951
32837939
32837756
32836888
32834987
32834902
32831327
32822413
32820884
32817004
32812534
32812014
32811912
32810867
32802540
32801800
32800070
32790216
32790179
32786080
32779108
32777861
32777762
32776905
32776115
32775188
32773996
32771635
32771222
32765712
32762282
32760733
32757995
32757419
32756734
32756107
32754871
32753150
32753137
32749606
32747969
32741085
32740766
32734353
32732694
32728799
32727345
32725449
32721795
32720223
32710937
32708872
32707411
32706409
32705281
32703532
32698320
32698095
32697344
32694187
32692465
32689643
32685076
32683890
32682358
32680715
32679910
32678494
32675000
32674306
32673476
32673407
32673402
32673122
32672843
32672789
32666701
32666422
32665054
32662745
32661794
32659199
32655490
32655489
32652405
32651152
32650509
32650110
32645347
32643664
32633720
32633581
32629042
32622375
32622086
32620975
32618794
32617990
32616063
32615198
32611912
32605666
32603479
32603478
32601577
32599633
32597823
